1	2	0.00000000	-0.75000000	-0.50000000
2	1	0.00000000	-0.75000000	-0.50000000
3	3	0.00000000	-0.75000000	-0.50000000
4	2	0.00000000	-0.75000000	-0.50000000
5	2	0.00000000	-0.75000000	-0.50000000
6	1	0.00000000	-0.75000000	-0.50000000
7	3	0.00000000	-0.75000000	-0.50000000
8	1	0.00000000	-0.75000000	-0.50000000
9	1	0.00000000	-0.75000000	-0.50000000
10	3	0.00000000	-0.75000000	-0.50000000
11	1	0.00000000	-0.75000000	-0.50000000
12	1	0.00000000	-0.75000000	-0.50000000
13	3	0.00000000	-0.75000000	-0.50000000
14	3	0.00000000	-0.75000000	-0.50000000
15	1	0.00000000	-0.75000000	-0.50000000
16	2	0.00000000	-0.75000000	-0.50000000
17	3	0.00000000	-0.75000000	-0.50000000
18	2	0.00000000	-0.75000000	-0.50000000
19	2	0.00000000	-0.75000000	-0.50000000
20	1	0.00000000	-0.75000000	-0.50000000
21	2	0.00000000	-0.75000000	-0.50000000
22	1	0.00000000	-0.75000000	-0.50000000
23	2	0.00000000	-0.75000000	-0.50000000
24	3	0.00000000	-0.75000000	-0.50000000
25	1	0.00000000	-0.75000000	-0.50000000
26	1	0.00000000	-0.75000000	-0.50000000
27	3	0.00000000	-0.75000000	-0.50000000
28	1	0.00000000	-0.75000000	-0.50000000
29	2	0.00000000	-0.75000000	-0.50000000
30	3	0.00000000	-0.75000000	-0.50000000
31	3	0.00000000	-0.75000000	-0.50000000
32	1	0.00000000	-0.75000000	-0.50000000
33	3	0.00000000	-0.75000000	-0.50000000
34	1	0.00000000	-0.75000000	-0.50000000
35	1	0.00000000	-0.75000000	-0.50000000
36	1	0.00000000	-0.75000000	-0.50000000
37	2	0.00000000	-0.75000000	-0.50000000
38	3	0.00000000	-0.75000000	-0.50000000
39	1	0.00000000	-0.75000000	-0.50000000
40	3	0.00000000	-0.75000000	-0.50000000
41	1	0.00000000	-0.75000000	-0.50000000
42	3	0.00000000	-0.75000000	-0.50000000
43	2	0.00000000	-0.75000000	-0.50000000
44	3	0.00000000	-0.75000000	-0.50000000
45	3	0.00000000	-0.75000000	-0.50000000
46	1	0.00000000	-0.75000000	-0.50000000
47	2	0.00000000	-0.75000000	-0.50000000
48	3	0.00000000	-0.75000000	-0.50000000
49	1	0.00000000	-0.75000000	-0.50000000
50	3	0.00000000	-0.75000000	-0.50000000
51	1	0.00000000	-0.75000000	-0.50000000
52	3	0.00000000	-0.75000000	-0.50000000
53	2	0.00000000	-0.75000000	-0.50000000
54	3	0.00000000	-0.75000000	-0.50000000
55	3	0.00000000	-0.75000000	-0.50000000
56	3	0.00000000	-0.75000000	-0.50000000
57	1	0.00000000	-0.75000000	-0.50000000
58	1	0.00000000	-0.75000000	-0.50000000
59	3	0.00000000	-0.75000000	-0.50000000
60	1	0.00000000	-0.75000000	-0.50000000
61	2	0.00000000	-0.75000000	-0.50000000
62	1	0.00000000	-0.75000000	-0.50000000
63	1	0.00000000	-0.75000000	-0.50000000
64	1	0.00000000	-0.75000000	-0.50000000
65	3	0.00000000	-0.75000000	-0.50000000
66	1	0.00000000	-0.75000000	-0.50000000
67	1	0.00000000	-0.75000000	-0.50000000
68	1	0.00000000	-0.75000000	-0.50000000
69	1	0.00000000	-0.75000000	-0.50000000
70	1	0.00000000	-0.75000000	-0.50000000
71	1	0.00000000	-0.75000000	-0.50000000
72	1	0.00000000	-0.75000000	-0.50000000
73	1	0.00000000	-0.75000000	-0.50000000
74	2	0.00000000	-0.75000000	-0.50000000
75	1	0.00000000	-0.75000000	-0.50000000
76	1	0.00000000	-0.75000000	-0.50000000
77	1	0.00000000	-0.75000000	-0.50000000
78	3	0.00000000	-0.75000000	-0.50000000
79	1	0.00000000	-0.75000000	-0.50000000
80	3	0.00000000	-0.75000000	-0.50000000
81	1	0.00000000	-0.75000000	-0.50000000
82	3	0.00000000	-0.75000000	-0.50000000
83	2	0.00000000	-0.75000000	-0.50000000
84	2	0.00000000	-0.75000000	-0.50000000
85	1	0.00000000	-0.75000000	-0.50000000
86	3	0.00000000	-0.75000000	-0.50000000
87	1	0.00000000	-0.75000000	-0.50000000
88	3	0.00000000	-0.75000000	-0.50000000
89	3	0.00000000	-0.75000000	-0.50000000
90	1	0.00000000	-0.75000000	-0.50000000
91	1	0.00000000	-0.75000000	-0.50000000
92	1	0.00000000	-0.75000000	-0.50000000
93	1	0.00000000	-0.75000000	-0.50000000
94	3	0.00000000	-0.75000000	-0.50000000
95	3	0.00000000	-0.75000000	-0.50000000
96	2	0.00000000	-0.75000000	-0.50000000
97	2	0.00000000	-0.75000000	-0.50000000
98	2	0.00000000	-0.75000000	-0.50000000
99	3	0.00000000	-0.75000000	-0.50000000
100	3	0.00000000	-0.75000000	-0.50000000
101	1	0.00000000	-0.75000000	-0.50000000
102	2	0.00000000	-0.75000000	-0.50000000
103	2	0.00000000	-0.75000000	-0.50000000
104	1	0.00000000	-0.75000000	-0.50000000
105	3	0.00000000	-0.75000000	-0.50000000
106	1	0.00000000	-0.75000000	-0.50000000
107	3	0.00000000	-0.75000000	-0.50000000
108	1	0.00000000	-0.75000000	-0.50000000
109	3	0.00000000	-0.75000000	-0.50000000
110	1	0.00000000	-0.75000000	-0.50000000
111	1	0.00000000	-0.75000000	-0.50000000
112	1	0.00000000	-0.75000000	-0.50000000
113	3	0.00000000	-0.75000000	-0.50000000
114	1	0.00000000	-0.75000000	-0.50000000
115	1	0.00000000	-0.75000000	-0.50000000
116	1	0.00000000	-0.75000000	-0.50000000
117	3	0.00000000	-0.75000000	-0.50000000
118	1	0.00000000	-0.75000000	-0.50000000
119	2	0.00000000	-0.75000000	-0.50000000
120	1	0.00000000	-0.75000000	-0.50000000
121	1	0.00000000	-0.75000000	-0.50000000
122	1	0.00000000	-0.75000000	-0.50000000
123	1	0.00000000	-0.75000000	-0.50000000
124	2	0.00000000	-0.75000000	-0.50000000
125	1	0.00000000	-0.75000000	-0.50000000
126	1	0.00000000	-0.75000000	-0.50000000
127	3	0.00000000	-0.75000000	-0.50000000
128	1	0.00000000	-0.75000000	-0.50000000
129	3	0.00000000	-0.75000000	-0.50000000
130	1	0.00000000	-0.75000000	-0.50000000
131	3	0.00000000	-0.75000000	-0.50000000
132	1	0.00000000	-0.75000000	-0.50000000
133	1	0.00000000	-0.75000000	-0.50000000
134	3	0.00000000	-0.75000000	-0.50000000
135	2	0.00000000	-0.75000000	-0.50000000
136	3	0.00000000	-0.75000000	-0.50000000
137	1	0.00000000	-0.75000000	-0.50000000
138	3	0.00000000	-0.75000000	-0.50000000
139	1	0.00000000	-0.75000000	-0.50000000
140	3	0.00000000	-0.75000000	-0.50000000
141	2	0.00000000	-0.75000000	-0.50000000
142	1	0.00000000	-0.75000000	-0.50000000
143	1	0.00000000	-0.75000000	-0.50000000
144	1	0.00000000	-0.75000000	-0.50000000
145	3	0.00000000	-0.75000000	-0.50000000
146	2	0.00000000	-0.75000000	-0.50000000
147	1	0.00000000	-0.75000000	-0.50000000
148	1	0.00000000	-0.75000000	-0.50000000
149	2	0.00000000	-0.75000000	-0.50000000
150	1	0.00000000	-0.75000000	-0.50000000
151	1	0.00000000	-0.75000000	-0.50000000
152	3	0.00000000	-0.75000000	-0.50000000
153	1	0.00000000	-0.75000000	-0.50000000
154	2	0.00000000	-0.75000000	-0.50000000
155	2	0.00000000	-0.75000000	-0.50000000
156	2	0.00000000	-0.75000000	-0.50000000
157	1	0.00000000	-0.75000000	-0.50000000
158	1	0.00000000	-0.75000000	-0.50000000
159	1	0.00000000	-0.75000000	-0.50000000
160	3	0.00000000	-0.75000000	-0.50000000
161	1	0.00000000	-0.75000000	-0.50000000
162	2	0.00000000	-0.75000000	-0.50000000
163	1	0.00000000	-0.75000000	-0.50000000
164	1	0.00000000	-0.75000000	-0.50000000
165	3	0.00000000	-0.75000000	-0.50000000
166	1	0.00000000	-0.75000000	-0.50000000
167	1	0.00000000	-0.75000000	-0.50000000
168	3	0.00000000	-0.75000000	-0.50000000
169	2	0.00000000	-0.75000000	-0.50000000
170	1	0.00000000	-0.75000000	-0.50000000
171	2	0.00000000	-0.75000000	-0.50000000
172	3	0.00000000	-0.75000000	-0.50000000
173	1	0.00000000	-0.75000000	-0.50000000
174	2	0.00000000	-0.75000000	-0.50000000
175	3	0.00000000	-0.75000000	-0.50000000
176	2	0.00000000	-0.75000000	-0.50000000
177	3	0.00000000	-0.75000000	-0.50000000
178	2	0.00000000	-0.75000000	-0.50000000
179	2	0.00000000	-0.75000000	-0.50000000
180	1	0.00000000	-0.75000000	-0.50000000
181	1	0.00000000	-0.75000000	-0.50000000
182	1	0.00000000	-0.75000000	-0.50000000
183	3	0.00000000	-0.75000000	-0.50000000
184	1	0.00000000	-0.75000000	-0.50000000
185	3	0.00000000	-0.75000000	-0.50000000
186	1	0.00000000	-0.75000000	-0.50000000
187	1	0.00000000	-0.75000000	-0.50000000
188	3	0.00000000	-0.75000000	-0.50000000
189	1	0.00000000	-0.75000000	-0.50000000
190	2	0.00000000	-0.75000000	-0.50000000
191	3	0.00000000	-0.75000000	-0.50000000
192	2	0.00000000	-0.75000000	-0.50000000
193	2	0.00000000	-0.75000000	-0.50000000
194	1	0.00000000	-0.75000000	-0.50000000
195	1	0.00000000	-0.75000000	-0.50000000
196	1	0.00000000	-0.75000000	-0.50000000
197	2	0.00000000	-0.75000000	-0.50000000
198	2	0.00000000	-0.75000000	-0.50000000
199	1	0.00000000	-0.75000000	-0.50000000
200	2	0.00000000	-0.75000000	-0.50000000
201	1	0.00000000	-0.75000000	-0.50000000
202	3	0.00000000	-0.75000000	-0.50000000
203	2	0.00000000	-0.75000000	-0.50000000
204	1	0.00000000	-0.75000000	-0.50000000
205	1	0.00000000	-0.75000000	-0.50000000
206	3	0.00000000	-0.75000000	-0.50000000
207	2	0.00000000	-0.75000000	-0.50000000
208	1	0.00000000	-0.75000000	-0.50000000
209	2	0.00000000	-0.75000000	-0.50000000
210	1	0.00000000	-0.75000000	-0.50000000
211	1	0.00000000	-0.75000000	-0.50000000
212	1	0.00000000	-0.75000000	-0.50000000
213	3	0.00000000	-0.75000000	-0.50000000
214	1	0.00000000	-0.75000000	-0.50000000
215	1	0.00000000	-0.75000000	-0.50000000
216	1	0.00000000	-0.75000000	-0.50000000
217	1	0.00000000	-0.75000000	-0.50000000
218	1	0.00000000	-0.75000000	-0.50000000
219	1	0.00000000	-0.75000000	-0.50000000
220	2	0.00000000	-0.75000000	-0.50000000
221	3	0.00000000	-0.75000000	-0.50000000
222	3	0.00000000	-0.75000000	-0.50000000
223	2	0.00000000	-0.75000000	-0.50000000
224	1	0.00000000	-0.75000000	-0.50000000
225	1	0.00000000	-0.75000000	-0.50000000
226	1	0.00000000	-0.75000000	-0.50000000
227	1	0.00000000	-0.75000000	-0.50000000
228	3	0.00000000	-0.75000000	-0.50000000
229	2	0.00000000	-0.75000000	-0.50000000
230	1	0.00000000	-0.75000000	-0.50000000
231	1	0.00000000	-0.75000000	-0.50000000
232	1	0.00000000	-0.75000000	-0.50000000
233	1	0.00000000	-0.75000000	-0.50000000
234	1	0.00000000	-0.75000000	-0.50000000
235	3	0.00000000	-0.75000000	-0.50000000
236	1	0.00000000	-0.75000000	-0.50000000
237	1	0.00000000	-0.75000000	-0.50000000
238	1	0.00000000	-0.75000000	-0.50000000
239	3	0.00000000	-0.75000000	-0.50000000
240	1	0.00000000	-0.75000000	-0.50000000
241	1	0.00000000	-0.75000000	-0.50000000
242	3	0.00000000	-0.75000000	-0.50000000
243	1	0.00000000	-0.75000000	-0.50000000
244	2	0.00000000	-0.75000000	-0.50000000
245	2	0.00000000	-0.75000000	-0.50000000
246	1	0.00000000	-0.75000000	-0.50000000
247	1	0.00000000	-0.75000000	-0.50000000
248	1	0.00000000	-0.75000000	-0.50000000
249	1	0.00000000	-0.75000000	-0.50000000
250	1	0.00000000	-0.75000000	-0.50000000
251	1	0.00000000	-0.75000000	-0.50000000
252	1	0.00000000	-0.75000000	-0.50000000
253	2	0.00000000	-0.75000000	-0.50000000
254	2	0.00000000	-0.75000000	-0.50000000
255	2	0.00000000	-0.75000000	-0.50000000
256	3	0.00000000	-0.75000000	-0.50000000
257	1	0.00000000	-0.75000000	-0.50000000
258	1	0.00000000	-0.75000000	-0.50000000
259	1	0.00000000	-0.75000000	-0.50000000
260	2	0.00000000	-0.75000000	-0.50000000
261	1	0.00000000	-0.75000000	-0.50000000
262	1	0.00000000	-0.75000000	-0.50000000
263	1	0.00000000	-0.75000000	-0.50000000
264	3	0.00000000	-0.75000000	-0.50000000
265	1	0.00000000	-0.75000000	-0.50000000
266	3	0.00000000	-0.75000000	-0.50000000
267	1	0.00000000	-0.75000000	-0.50000000
268	2	0.00000000	-0.75000000	-0.50000000
269	1	0.00000000	-0.75000000	-0.50000000
270	1	0.00000000	-0.75000000	-0.50000000
271	3	0.00000000	-0.75000000	-0.50000000
272	3	0.00000000	-0.75000000	-0.50000000
273	3	0.00000000	-0.75000000	-0.50000000
274	3	0.00000000	-0.75000000	-0.50000000
275	3	0.00000000	-0.75000000	-0.50000000
276	1	0.00000000	-0.75000000	-0.50000000
277	1	0.00000000	-0.75000000	-0.50000000
278	3	0.00000000	-0.75000000	-0.50000000
279	2	0.00000000	-0.75000000	-0.50000000
280	3	0.00000000	-0.75000000	-0.50000000
281	1	0.00000000	-0.75000000	-0.50000000
282	1	0.00000000	-0.75000000	-0.50000000
283	1	0.00000000	-0.75000000	-0.50000000
284	2	0.00000000	-0.75000000	-0.50000000
285	2	0.00000000	-0.75000000	-0.50000000
286	1	0.00000000	-0.75000000	-0.50000000
287	1	0.00000000	-0.75000000	-0.50000000
288	1	0.00000000	-0.75000000	-0.50000000
289	1	0.00000000	-0.75000000	-0.50000000
290	1	0.00000000	-0.75000000	-0.50000000
291	3	0.00000000	-0.75000000	-0.50000000
292	2	0.00000000	-0.75000000	-0.50000000
293	2	0.00000000	-0.75000000	-0.50000000
294	3	0.00000000	-0.75000000	-0.50000000
295	1	0.00000000	-0.75000000	-0.50000000
296	2	0.00000000	-0.75000000	-0.50000000
297	2	0.00000000	-0.75000000	-0.50000000
298	1	0.00000000	-0.75000000	-0.50000000
299	2	0.00000000	-0.75000000	-0.50000000
300	2	0.00000000	-0.75000000	-0.50000000
301	1	0.00000000	-0.75000000	-0.50000000
302	1	0.00000000	-0.75000000	-0.50000000
303	2	0.00000000	-0.75000000	-0.50000000
304	2	0.00000000	-0.75000000	-0.50000000
305	1	0.00000000	-0.75000000	-0.50000000
306	1	0.00000000	-0.75000000	-0.50000000
307	1	0.00000000	-0.75000000	-0.50000000
308	1	0.00000000	-0.75000000	-0.50000000
309	1	0.00000000	-0.75000000	-0.50000000
310	3	0.00000000	-0.75000000	-0.50000000
311	3	0.00000000	-0.75000000	-0.50000000
312	3	0.00000000	-0.75000000	-0.50000000
313	3	0.00000000	-0.75000000	-0.50000000
314	3	0.00000000	-0.75000000	-0.50000000
315	2	0.00000000	-0.75000000	-0.50000000
316	3	0.00000000	-0.75000000	-0.50000000
317	1	0.00000000	-0.75000000	-0.50000000
318	1	0.00000000	-0.75000000	-0.50000000
319	2	0.00000000	-0.75000000	-0.50000000
320	1	0.00000000	-0.75000000	-0.50000000
321	1	0.00000000	-0.75000000	-0.50000000
322	1	0.00000000	-0.75000000	-0.50000000
323	1	0.00000000	-0.75000000	-0.50000000
324	1	0.00000000	-0.75000000	-0.50000000
325	1	0.00000000	-0.75000000	-0.50000000
326	1	0.00000000	-0.75000000	-0.50000000
327	3	0.00000000	-0.75000000	-0.50000000
328	1	0.00000000	-0.75000000	-0.50000000
329	2	0.00000000	-0.75000000	-0.50000000
330	3	0.00000000	-0.75000000	-0.50000000
331	2	0.00000000	-0.75000000	-0.50000000
332	2	0.00000000	-0.75000000	-0.50000000
333	1	0.00000000	-0.75000000	-0.50000000
334	3	0.00000000	-0.75000000	-0.50000000
335	1	0.00000000	-0.75000000	-0.50000000
336	1	0.00000000	-0.75000000	-0.50000000
337	1	0.00000000	-0.75000000	-0.50000000
338	1	0.00000000	-0.75000000	-0.50000000
339	1	0.00000000	-0.75000000	-0.50000000
340	2	0.00000000	-0.75000000	-0.50000000
341	1	0.00000000	-0.75000000	-0.50000000
342	2	0.00000000	-0.75000000	-0.50000000
343	1	0.00000000	-0.75000000	-0.50000000
344	3	0.00000000	-0.75000000	-0.50000000
345	3	0.00000000	-0.75000000	-0.50000000
346	1	0.00000000	-0.75000000	-0.50000000
347	1	0.00000000	-0.75000000	-0.50000000
348	3	0.00000000	-0.75000000	-0.50000000
349	1	0.00000000	-0.75000000	-0.50000000
350	1	0.00000000	-0.75000000	-0.50000000
351	2	0.00000000	-0.75000000	-0.50000000
352	3	0.00000000	-0.75000000	-0.50000000
353	3	0.00000000	-0.75000000	-0.50000000
354	2	0.00000000	-0.75000000	-0.50000000
355	1	0.00000000	-0.75000000	-0.50000000
356	1	0.00000000	-0.75000000	-0.50000000
357	2	0.00000000	-0.75000000	-0.50000000
358	3	0.00000000	-0.75000000	-0.50000000
359	2	0.00000000	-0.75000000	-0.50000000
360	2	0.00000000	-0.75000000	-0.50000000
361	2	0.00000000	-0.75000000	-0.50000000
362	1	0.00000000	-0.75000000	-0.50000000
363	1	0.00000000	-0.75000000	-0.50000000
364	1	0.00000000	-0.75000000	-0.50000000
365	3	0.00000000	-0.75000000	-0.50000000
366	1	0.00000000	-0.75000000	-0.50000000
367	1	0.00000000	-0.75000000	-0.50000000
368	3	0.00000000	-0.75000000	-0.50000000
369	1	0.00000000	-0.75000000	-0.50000000
370	2	0.00000000	-0.75000000	-0.50000000
371	2	0.00000000	-0.75000000	-0.50000000
372	1	0.00000000	-0.75000000	-0.50000000
373	1	0.00000000	-0.75000000	-0.50000000
374	1	0.00000000	-0.75000000	-0.50000000
375	2	0.00000000	-0.75000000	-0.50000000
376	1	0.00000000	-0.75000000	-0.50000000
377	1	0.00000000	-0.75000000	-0.50000000
378	1	0.00000000	-0.75000000	-0.50000000
379	3	0.00000000	-0.75000000	-0.50000000
380	1	0.00000000	-0.75000000	-0.50000000
381	3	0.00000000	-0.75000000	-0.50000000
382	1	0.00000000	-0.75000000	-0.50000000
383	2	0.00000000	-0.75000000	-0.50000000
384	1	0.00000000	-0.75000000	-0.50000000
385	1	0.00000000	-0.75000000	-0.50000000
386	2	0.00000000	-0.75000000	-0.50000000
387	1	0.00000000	-0.75000000	-0.50000000
388	2	0.00000000	-0.75000000	-0.50000000
389	1	0.00000000	-0.75000000	-0.50000000
390	1	0.00000000	-0.75000000	-0.50000000
391	1	0.00000000	-0.75000000	-0.50000000
392	2	0.00000000	-0.75000000	-0.50000000
393	3	0.00000000	-0.75000000	-0.50000000
394	2	0.00000000	-0.75000000	-0.50000000
395	1	0.00000000	-0.75000000	-0.50000000
396	1	0.00000000	-0.75000000	-0.50000000
397	2	0.00000000	-0.75000000	-0.50000000
398	2	0.00000000	-0.75000000	-0.50000000
399	3	0.00000000	-0.75000000	-0.50000000
400	3	0.00000000	-0.75000000	-0.50000000
401	2	0.00000000	-0.75000000	-0.50000000
402	3	0.00000000	-0.75000000	-0.50000000
403	1	0.00000000	-0.75000000	-0.50000000
404	2	0.00000000	-0.75000000	-0.50000000
405	2	0.00000000	-0.75000000	-0.50000000
406	2	0.00000000	-0.75000000	-0.50000000
407	3	0.00000000	-0.75000000	-0.50000000
408	1	0.00000000	-0.75000000	-0.50000000
409	3	0.00000000	-0.75000000	-0.50000000
410	2	0.00000000	-0.75000000	-0.50000000
411	1	0.00000000	-0.75000000	-0.50000000
412	2	0.00000000	-0.75000000	-0.50000000
413	1	0.00000000	-0.75000000	-0.50000000
414	1	0.00000000	-0.75000000	-0.50000000
415	1	0.00000000	-0.75000000	-0.50000000
416	1	0.00000000	-0.75000000	-0.50000000
417	2	0.00000000	-0.75000000	-0.50000000
418	1	0.00000000	-0.75000000	-0.50000000
419	2	0.00000000	-0.75000000	-0.50000000
420	2	0.00000000	-0.75000000	-0.50000000
421	1	0.00000000	-0.75000000	-0.50000000
422	3	0.00000000	-0.75000000	-0.50000000
423	1	0.00000000	-0.75000000	-0.50000000
424	2	0.00000000	-0.75000000	-0.50000000
425	3	0.00000000	-0.75000000	-0.50000000
426	2	0.00000000	-0.75000000	-0.50000000
427	3	0.00000000	-0.75000000	-0.50000000
428	2	0.00000000	-0.75000000	-0.50000000
429	1	0.00000000	-0.75000000	-0.50000000
430	3	0.00000000	-0.75000000	-0.50000000
431	1	0.00000000	-0.75000000	-0.50000000
432	1	0.00000000	-0.75000000	-0.50000000
433	3	0.00000000	-0.75000000	-0.50000000
434	1	0.00000000	-0.75000000	-0.50000000
435	3	0.00000000	-0.75000000	-0.50000000
436	1	0.00000000	-0.75000000	-0.50000000
437	2	0.00000000	-0.75000000	-0.50000000
438	2	0.00000000	-0.75000000	-0.50000000
439	2	0.00000000	-0.75000000	-0.50000000
440	3	0.00000000	-0.75000000	-0.50000000
441	1	0.00000000	-0.75000000	-0.50000000
442	2	0.00000000	-0.75000000	-0.50000000
443	1	0.00000000	-0.75000000	-0.50000000
444	3	0.00000000	-0.75000000	-0.50000000
445	2	0.00000000	-0.75000000	-0.50000000
446	2	0.00000000	-0.75000000	-0.50000000
447	3	0.00000000	-0.75000000	-0.50000000
448	3	0.00000000	-0.75000000	-0.50000000
449	1	0.00000000	-0.75000000	-0.50000000
450	1	0.00000000	-0.75000000	-0.50000000
451	3	0.00000000	-0.75000000	-0.50000000
452	3	0.00000000	-0.75000000	-0.50000000
453	3	0.00000000	-0.75000000	-0.50000000
454	2	0.00000000	-0.75000000	-0.50000000
455	1	0.00000000	-0.75000000	-0.50000000
456	2	0.00000000	-0.75000000	-0.50000000
457	1	0.00000000	-0.75000000	-0.50000000
458	3	0.00000000	-0.75000000	-0.50000000
459	1	0.00000000	-0.75000000	-0.50000000
460	1	0.00000000	-0.75000000	-0.50000000
461	1	0.00000000	-0.75000000	-0.50000000
462	2	0.00000000	-0.75000000	-0.50000000
463	1	0.00000000	-0.75000000	-0.50000000
464	3	0.00000000	-0.75000000	-0.50000000
465	1	0.00000000	-0.75000000	-0.50000000
466	1	0.00000000	-0.75000000	-0.50000000
467	3	0.00000000	-0.75000000	-0.50000000
468	3	0.00000000	-0.75000000	-0.50000000
469	1	0.00000000	-0.75000000	-0.50000000
470	3	0.00000000	-0.75000000	-0.50000000
471	2	0.00000000	-0.75000000	-0.50000000
472	1	0.00000000	-0.75000000	-0.50000000
473	1	0.00000000	-0.75000000	-0.50000000
474	3	0.00000000	-0.75000000	-0.50000000
475	3	0.00000000	-0.75000000	-0.50000000
476	3	0.00000000	-0.75000000	-0.50000000
477	2	0.00000000	-0.75000000	-0.50000000
478	1	0.00000000	-0.75000000	-0.50000000
479	1	0.00000000	-0.75000000	-0.50000000
480	1	0.00000000	-0.75000000	-0.50000000
481	1	0.00000000	-0.75000000	-0.50000000
482	1	0.00000000	-0.75000000	-0.50000000
483	3	0.00000000	-0.75000000	-0.50000000
484	1	0.00000000	-0.75000000	-0.50000000
485	2	0.00000000	-0.75000000	-0.50000000
486	1	0.00000000	-0.75000000	-0.50000000
487	1	0.00000000	-0.75000000	-0.50000000
488	2	0.00000000	-0.75000000	-0.50000000
489	3	0.00000000	-0.75000000	-0.50000000
490	1	0.00000000	-0.75000000	-0.50000000
491	1	0.00000000	-0.75000000	-0.50000000
492	1	0.00000000	-0.75000000	-0.50000000
493	1	0.00000000	-0.75000000	-0.50000000
494	1	0.00000000	-0.75000000	-0.50000000
495	1	0.00000000	-0.75000000	-0.50000000
496	2	0.00000000	-0.75000000	-0.50000000
497	1	0.00000000	-0.75000000	-0.50000000
498	3	0.00000000	-0.75000000	-0.50000000
499	1	0.00000000	-0.75000000	-0.50000000
500	3	0.00000000	-0.75000000	-0.50000000
501	1	0.00000000	-0.75000000	-0.50000000
502	3	0.00000000	-0.75000000	-0.50000000
503	2	0.00000000	-0.75000000	-0.50000000
504	3	0.00000000	-0.75000000	-0.50000000
505	3	0.00000000	-0.75000000	-0.50000000
506	2	0.00000000	-0.75000000	-0.50000000
507	3	0.00000000	-0.75000000	-0.50000000
508	1	0.00000000	-0.75000000	-0.50000000
509	1	0.00000000	-0.75000000	-0.50000000
510	1	0.00000000	-0.75000000	-0.50000000
511	2	0.00000000	-0.75000000	-0.50000000
512	1	0.00000000	-0.75000000	-0.50000000
513	3	0.00000000	-0.75000000	-0.50000000
514	1	0.00000000	-0.75000000	-0.50000000
515	2	0.00000000	-0.75000000	-0.50000000
516	3	0.00000000	-0.75000000	-0.50000000
517	2	0.00000000	-0.75000000	-0.50000000
518	1	0.00000000	-0.75000000	-0.50000000
519	1	0.00000000	-0.75000000	-0.50000000
520	2	0.00000000	-0.75000000	-0.50000000
521	3	0.00000000	-0.75000000	-0.50000000
522	2	0.00000000	-0.75000000	-0.50000000
523	1	0.00000000	-0.75000000	-0.50000000
524	2	0.00000000	-0.75000000	-0.50000000
525	1	0.00000000	-0.75000000	-0.50000000
526	1	0.00000000	-0.75000000	-0.50000000
527	3	0.00000000	-0.75000000	-0.50000000
528	1	0.00000000	-0.75000000	-0.50000000
529	1	0.00000000	-0.75000000	-0.50000000
530	2	0.00000000	-0.75000000	-0.50000000
531	1	0.00000000	-0.75000000	-0.50000000
532	1	0.00000000	-0.75000000	-0.50000000
533	3	0.00000000	-0.75000000	-0.50000000
534	1	0.00000000	-0.75000000	-0.50000000
535	1	0.00000000	-0.75000000	-0.50000000
536	1	0.00000000	-0.75000000	-0.50000000
537	2	0.00000000	-0.75000000	-0.50000000
538	1	0.00000000	-0.75000000	-0.50000000
539	3	0.00000000	-0.75000000	-0.50000000
540	3	0.00000000	-0.75000000	-0.50000000
541	1	0.00000000	-0.75000000	-0.50000000
542	1	0.00000000	-0.75000000	-0.50000000
543	1	0.00000000	-0.75000000	-0.50000000
544	3	0.00000000	-0.75000000	-0.50000000
545	2	0.00000000	-0.75000000	-0.50000000
546	1	0.00000000	-0.75000000	-0.50000000
547	3	0.00000000	-0.75000000	-0.50000000
548	1	0.00000000	-0.75000000	-0.50000000
549	2	0.00000000	-0.75000000	-0.50000000
550	1	0.00000000	-0.75000000	-0.50000000
551	2	0.00000000	-0.75000000	-0.50000000
552	1	0.00000000	-0.75000000	-0.50000000
553	1	0.00000000	-0.75000000	-0.50000000
554	3	0.00000000	-0.75000000	-0.50000000
555	3	0.00000000	-0.75000000	-0.50000000
556	1	0.00000000	-0.75000000	-0.50000000
557	1	0.00000000	-0.75000000	-0.50000000
558	1	0.00000000	-0.75000000	-0.50000000
559	3	0.00000000	-0.75000000	-0.50000000
560	1	0.00000000	-0.75000000	-0.50000000
561	3	0.00000000	-0.75000000	-0.50000000
562	2	0.00000000	-0.75000000	-0.50000000
563	2	0.00000000	-0.75000000	-0.50000000
564	2	0.00000000	-0.75000000	-0.50000000
565	1	0.00000000	-0.75000000	-0.50000000
566	2	0.00000000	-0.75000000	-0.50000000
567	1	0.00000000	-0.75000000	-0.50000000
568	2	0.00000000	-0.75000000	-0.50000000
569	1	0.00000000	-0.75000000	-0.50000000
570	1	0.00000000	-0.75000000	-0.50000000
571	2	0.00000000	-0.75000000	-0.50000000
572	1	0.00000000	-0.75000000	-0.50000000
573	1	0.00000000	-0.75000000	-0.50000000
574	1	0.00000000	-0.75000000	-0.50000000
575	3	0.00000000	-0.75000000	-0.50000000
576	3	0.00000000	-0.75000000	-0.50000000
577	3	0.00000000	-0.75000000	-0.50000000
578	1	0.00000000	-0.75000000	-0.50000000
579	3	0.00000000	-0.75000000	-0.50000000
580	1	0.00000000	-0.75000000	-0.50000000
581	3	0.00000000	-0.75000000	-0.50000000
582	3	0.00000000	-0.75000000	-0.50000000
583	3	0.00000000	-0.75000000	-0.50000000
584	1	0.00000000	-0.75000000	-0.50000000
585	1	0.00000000	-0.75000000	-0.50000000
586	1	0.00000000	-0.75000000	-0.50000000
587	2	0.00000000	-0.75000000	-0.50000000
588	1	0.00000000	-0.75000000	-0.50000000
589	1	0.00000000	-0.75000000	-0.50000000
590	2	0.00000000	-0.75000000	-0.50000000
591	1	0.00000000	-0.75000000	-0.50000000
592	1	0.00000000	-0.75000000	-0.50000000
593	3	0.00000000	-0.75000000	-0.50000000
594	3	0.00000000	-0.75000000	-0.50000000
595	3	0.00000000	-0.75000000	-0.50000000
596	2	0.00000000	-0.75000000	-0.50000000
597	1	0.00000000	-0.75000000	-0.50000000
598	1	0.00000000	-0.75000000	-0.50000000
599	2	0.00000000	-0.75000000	-0.50000000
600	3	0.00000000	-0.75000000	-0.50000000
601	1	0.00000000	-0.75000000	-0.50000000
602	3	0.00000000	-0.75000000	-0.50000000
603	3	0.00000000	-0.75000000	-0.50000000
604	3	0.00000000	-0.75000000	-0.50000000
605	3	0.00000000	-0.75000000	-0.50000000
606	1	0.00000000	-0.75000000	-0.50000000
607	1	0.00000000	-0.75000000	-0.50000000
608	3	0.00000000	-0.75000000	-0.50000000
609	2	0.00000000	-0.75000000	-0.50000000
610	1	0.00000000	-0.75000000	-0.50000000
611	1	0.00000000	-0.75000000	-0.50000000
612	1	0.00000000	-0.75000000	-0.50000000
613	3	0.00000000	-0.75000000	-0.50000000
614	1	0.00000000	-0.75000000	-0.50000000
615	1	0.00000000	-0.75000000	-0.50000000
616	1	0.00000000	-0.75000000	-0.50000000
617	1	0.00000000	-0.75000000	-0.50000000
618	1	0.00000000	-0.75000000	-0.50000000
619	3	0.00000000	-0.75000000	-0.50000000
620	1	0.00000000	-0.75000000	-0.50000000
621	3	0.00000000	-0.75000000	-0.50000000
622	1	0.00000000	-0.75000000	-0.50000000
623	3	0.00000000	-0.75000000	-0.50000000
624	2	0.00000000	-0.75000000	-0.50000000
625	3	0.00000000	-0.75000000	-0.50000000
626	1	0.00000000	-0.75000000	-0.50000000
627	1	0.00000000	-0.75000000	-0.50000000
628	3	0.00000000	-0.75000000	-0.50000000
629	1	0.00000000	-0.75000000	-0.50000000
630	3	0.00000000	-0.75000000	-0.50000000
631	1	0.00000000	-0.75000000	-0.50000000
632	3	0.00000000	-0.75000000	-0.50000000
633	3	0.00000000	-0.75000000	-0.50000000
634	3	0.00000000	-0.75000000	-0.50000000
635	1	0.00000000	-0.75000000	-0.50000000
636	1	0.00000000	-0.75000000	-0.50000000
637	3	0.00000000	-0.75000000	-0.50000000
638	1	0.00000000	-0.75000000	-0.50000000
639	1	0.00000000	-0.75000000	-0.50000000
640	1	0.00000000	-0.75000000	-0.50000000
641	3	0.00000000	-0.75000000	-0.50000000
642	1	0.00000000	-0.75000000	-0.50000000
643	2	0.00000000	-0.75000000	-0.50000000
644	2	0.00000000	-0.75000000	-0.50000000
645	3	0.00000000	-0.75000000	-0.50000000
646	2	0.00000000	-0.75000000	-0.50000000
647	2	0.00000000	-0.75000000	-0.50000000
648	1	0.00000000	-0.75000000	-0.50000000
649	3	0.00000000	-0.75000000	-0.50000000
650	1	0.00000000	-0.75000000	-0.50000000
651	2	0.00000000	-0.75000000	-0.50000000
652	2	0.00000000	-0.75000000	-0.50000000
653	1	0.00000000	-0.75000000	-0.50000000
654	3	0.00000000	-0.75000000	-0.50000000
655	1	0.00000000	-0.75000000	-0.50000000
656	3	0.00000000	-0.75000000	-0.50000000
657	3	0.00000000	-0.75000000	-0.50000000
658	3	0.00000000	-0.75000000	-0.50000000
659	3	0.00000000	-0.75000000	-0.50000000
660	3	0.00000000	-0.75000000	-0.50000000
661	3	0.00000000	-0.75000000	-0.50000000
662	2	0.00000000	-0.75000000	-0.50000000
663	1	0.00000000	-0.75000000	-0.50000000
664	1	0.00000000	-0.75000000	-0.50000000
665	2	0.00000000	-0.75000000	-0.50000000
666	1	0.00000000	-0.75000000	-0.50000000
667	1	0.00000000	-0.75000000	-0.50000000
668	1	0.00000000	-0.75000000	-0.50000000
669	1	0.00000000	-0.75000000	-0.50000000
670	2	0.00000000	-0.75000000	-0.50000000
671	3	0.00000000	-0.75000000	-0.50000000
672	1	0.00000000	-0.75000000	-0.50000000
673	1	0.00000000	-0.75000000	-0.50000000
674	1	0.00000000	-0.75000000	-0.50000000
675	1	0.00000000	-0.75000000	-0.50000000
676	1	0.00000000	-0.75000000	-0.50000000
677	1	0.00000000	-0.75000000	-0.50000000
678	3	0.00000000	-0.75000000	-0.50000000
679	1	0.00000000	-0.75000000	-0.50000000
680	1	0.00000000	-0.75000000	-0.50000000
681	1	0.00000000	-0.75000000	-0.50000000
682	2	0.00000000	-0.75000000	-0.50000000
683	1	0.00000000	-0.75000000	-0.50000000
684	3	0.00000000	-0.75000000	-0.50000000
685	1	0.00000000	-0.75000000	-0.50000000
686	3	0.00000000	-0.75000000	-0.50000000
687	1	0.00000000	-0.75000000	-0.50000000
688	1	0.00000000	-0.75000000	-0.50000000
689	1	0.00000000	-0.75000000	-0.50000000
690	1	0.00000000	-0.75000000	-0.50000000
691	1	0.00000000	-0.75000000	-0.50000000
692	2	0.00000000	-0.75000000	-0.50000000
693	1	0.00000000	-0.75000000	-0.50000000
694	3	0.00000000	-0.75000000	-0.50000000
695	1	0.00000000	-0.75000000	-0.50000000
696	3	0.00000000	-0.75000000	-0.50000000
697	3	0.00000000	-0.75000000	-0.50000000
698	3	0.00000000	-0.75000000	-0.50000000
699	3	0.00000000	-0.75000000	-0.50000000
700	1	0.00000000	-0.75000000	-0.50000000
701	1	0.00000000	-0.75000000	-0.50000000
702	1	0.00000000	-0.75000000	-0.50000000
703	3	0.00000000	-0.75000000	-0.50000000
704	1	0.00000000	-0.75000000	-0.50000000
705	2	0.00000000	-0.75000000	-0.50000000
706	3	0.00000000	-0.75000000	-0.50000000
707	1	0.00000000	-0.75000000	-0.50000000
708	1	0.00000000	-0.75000000	-0.50000000
709	3	0.00000000	-0.75000000	-0.50000000
710	1	0.00000000	-0.75000000	-0.50000000
711	1	0.00000000	-0.75000000	-0.50000000
712	1	0.00000000	-0.75000000	-0.50000000
713	1	0.00000000	-0.75000000	-0.50000000
714	1	0.00000000	-0.75000000	-0.50000000
715	1	0.00000000	-0.75000000	-0.50000000
716	2	0.00000000	-0.75000000	-0.50000000
717	3	0.00000000	-0.75000000	-0.50000000
718	1	0.00000000	-0.75000000	-0.50000000
719	1	0.00000000	-0.75000000	-0.50000000
720	3	0.00000000	-0.75000000	-0.50000000
721	1	0.00000000	-0.75000000	-0.50000000
722	3	0.00000000	-0.75000000	-0.50000000
723	1	0.00000000	-0.75000000	-0.50000000
724	3	0.00000000	-0.75000000	-0.50000000
725	1	0.00000000	-0.75000000	-0.50000000
726	1	0.00000000	-0.75000000	-0.50000000
727	3	0.00000000	-0.75000000	-0.50000000
728	3	0.00000000	-0.75000000	-0.50000000
729	1	0.00000000	-0.75000000	-0.50000000
730	1	0.00000000	-0.75000000	-0.50000000
731	2	0.00000000	-0.75000000	-0.50000000
732	1	0.00000000	-0.75000000	-0.50000000
733	3	0.00000000	-0.75000000	-0.50000000
734	2	0.00000000	-0.75000000	-0.50000000
735	1	0.00000000	-0.75000000	-0.50000000
736	1	0.00000000	-0.75000000	-0.50000000
737	3	0.00000000	-0.75000000	-0.50000000
738	1	0.00000000	-0.75000000	-0.50000000
739	1	0.00000000	-0.75000000	-0.50000000
740	2	0.00000000	-0.75000000	-0.50000000
741	1	0.00000000	-0.75000000	-0.50000000
742	3	0.00000000	-0.75000000	-0.50000000
743	1	0.00000000	-0.75000000	-0.50000000
744	1	0.00000000	-0.75000000	-0.50000000
745	2	0.00000000	-0.75000000	-0.50000000
746	1	0.00000000	-0.75000000	-0.50000000
747	1	0.00000000	-0.75000000	-0.50000000
748	2	0.00000000	-0.75000000	-0.50000000
749	3	0.00000000	-0.75000000	-0.50000000
750	3	0.00000000	-0.75000000	-0.50000000
751	1	0.00000000	-0.75000000	-0.50000000
752	1	0.00000000	-0.75000000	-0.50000000
753	2	0.00000000	-0.75000000	-0.50000000
754	3	0.00000000	-0.75000000	-0.50000000
755	3	0.00000000	-0.75000000	-0.50000000
756	3	0.00000000	-0.75000000	-0.50000000
757	1	0.00000000	-0.75000000	-0.50000000
758	1	0.00000000	-0.75000000	-0.50000000
759	1	0.00000000	-0.75000000	-0.50000000
760	1	0.00000000	-0.75000000	-0.50000000
761	3	0.00000000	-0.75000000	-0.50000000
762	3	0.00000000	-0.75000000	-0.50000000
763	3	0.00000000	-0.75000000	-0.50000000
764	3	0.00000000	-0.75000000	-0.50000000
765	1	0.00000000	-0.75000000	-0.50000000
766	1	0.00000000	-0.75000000	-0.50000000
767	3	0.00000000	-0.75000000	-0.50000000
768	2	0.00000000	-0.75000000	-0.50000000
769	3	0.00000000	-0.75000000	-0.50000000
770	1	0.00000000	-0.75000000	-0.50000000
771	2	0.00000000	-0.75000000	-0.50000000
772	1	0.00000000	-0.75000000	-0.50000000
773	1	0.00000000	-0.75000000	-0.50000000
774	1	0.00000000	-0.75000000	-0.50000000
775	2	0.00000000	-0.75000000	-0.50000000
776	2	0.00000000	-0.75000000	-0.50000000
777	2	0.00000000	-0.75000000	-0.50000000
778	1	0.00000000	-0.75000000	-0.50000000
779	1	0.00000000	-0.75000000	-0.50000000
780	1	0.00000000	-0.75000000	-0.50000000
781	3	0.00000000	-0.75000000	-0.50000000
782	3	0.00000000	-0.75000000	-0.50000000
783	1	0.00000000	-0.75000000	-0.50000000
784	2	0.00000000	-0.75000000	-0.50000000
785	2	0.00000000	-0.75000000	-0.50000000
786	2	0.00000000	-0.75000000	-0.50000000
787	1	0.00000000	-0.75000000	-0.50000000
788	1	0.00000000	-0.75000000	-0.50000000
789	2	0.00000000	-0.75000000	-0.50000000
790	1	0.00000000	-0.75000000	-0.50000000
791	2	0.00000000	-0.75000000	-0.50000000
792	2	0.00000000	-0.75000000	-0.50000000
793	1	0.00000000	-0.75000000	-0.50000000
794	1	0.00000000	-0.75000000	-0.50000000
795	1	0.00000000	-0.75000000	-0.50000000
796	3	0.00000000	-0.75000000	-0.50000000
797	2	0.00000000	-0.75000000	-0.50000000
798	1	0.00000000	-0.75000000	-0.50000000
799	1	0.00000000	-0.75000000	-0.50000000
800	3	0.00000000	-0.75000000	-0.50000000
801	1	0.00000000	-0.75000000	-0.50000000
802	1	0.00000000	-0.75000000	-0.50000000
803	1	0.00000000	-0.75000000	-0.50000000
804	1	0.00000000	-0.75000000	-0.50000000
805	3	0.00000000	-0.75000000	-0.50000000
806	3	0.00000000	-0.75000000	-0.50000000
807	2	0.00000000	-0.75000000	-0.50000000
808	3	0.00000000	-0.75000000	-0.50000000
809	3	0.00000000	-0.75000000	-0.50000000
810	3	0.00000000	-0.75000000	-0.50000000
811	1	0.00000000	-0.75000000	-0.50000000
812	3	0.00000000	-0.75000000	-0.50000000
813	1	0.00000000	-0.75000000	-0.50000000
814	1	0.00000000	-0.75000000	-0.50000000
815	1	0.00000000	-0.75000000	-0.50000000
816	3	0.00000000	-0.75000000	-0.50000000
817	1	0.00000000	-0.75000000	-0.50000000
818	1	0.00000000	-0.75000000	-0.50000000
819	3	0.00000000	-0.75000000	-0.50000000
820	1	0.00000000	-0.75000000	-0.50000000
821	1	0.00000000	-0.75000000	-0.50000000
822	2	0.00000000	-0.75000000	-0.50000000
823	1	0.00000000	-0.75000000	-0.50000000
824	1	0.00000000	-0.75000000	-0.50000000
825	1	0.00000000	-0.75000000	-0.50000000
826	1	0.00000000	-0.75000000	-0.50000000
827	3	0.00000000	-0.75000000	-0.50000000
828	2	0.00000000	-0.75000000	-0.50000000
829	1	0.00000000	-0.75000000	-0.50000000
830	2	0.00000000	-0.75000000	-0.50000000
831	1	0.00000000	-0.75000000	-0.50000000
832	3	0.00000000	-0.75000000	-0.50000000
833	1	0.00000000	-0.75000000	-0.50000000
834	2	0.00000000	-0.75000000	-0.50000000
835	3	0.00000000	-0.75000000	-0.50000000
836	2	0.00000000	-0.75000000	-0.50000000
837	1	0.00000000	-0.75000000	-0.50000000
838	1	0.00000000	-0.75000000	-0.50000000
839	2	0.00000000	-0.75000000	-0.50000000
840	1	0.00000000	-0.75000000	-0.50000000
841	2	0.00000000	-0.75000000	-0.50000000
842	1	0.00000000	-0.75000000	-0.50000000
843	1	0.00000000	-0.75000000	-0.50000000
844	3	0.00000000	-0.75000000	-0.50000000
845	1	0.00000000	-0.75000000	-0.50000000
846	1	0.00000000	-0.75000000	-0.50000000
847	2	0.00000000	-0.75000000	-0.50000000
848	2	0.00000000	-0.75000000	-0.50000000
849	3	0.00000000	-0.75000000	-0.50000000
850	1	0.00000000	-0.75000000	-0.50000000
851	3	0.00000000	-0.75000000	-0.50000000
852	3	0.00000000	-0.75000000	-0.50000000
853	1	0.00000000	-0.75000000	-0.50000000
854	3	0.00000000	-0.75000000	-0.50000000
855	1	0.00000000	-0.75000000	-0.50000000
856	1	0.00000000	-0.75000000	-0.50000000
857	3	0.00000000	-0.75000000	-0.50000000
858	3	0.00000000	-0.75000000	-0.50000000
859	1	0.00000000	-0.75000000	-0.50000000
860	1	0.00000000	-0.75000000	-0.50000000
861	3	0.00000000	-0.75000000	-0.50000000
862	1	0.00000000	-0.75000000	-0.50000000
863	1	0.00000000	-0.75000000	-0.50000000
864	1	0.00000000	-0.75000000	-0.50000000
865	2	0.00000000	-0.75000000	-0.50000000
866	1	0.00000000	-0.75000000	-0.50000000
867	1	0.00000000	-0.75000000	-0.50000000
868	3	0.00000000	-0.75000000	-0.50000000
869	1	0.00000000	-0.75000000	-0.50000000
870	3	0.00000000	-0.75000000	-0.50000000
871	1	0.00000000	-0.75000000	-0.50000000
872	3	0.00000000	-0.75000000	-0.50000000
873	2	0.00000000	-0.75000000	-0.50000000
874	1	0.00000000	-0.75000000	-0.50000000
875	1	0.00000000	-0.75000000	-0.50000000
876	2	0.00000000	-0.75000000	-0.50000000
877	1	0.00000000	-0.75000000	-0.50000000
878	3	0.00000000	-0.75000000	-0.50000000
879	1	0.00000000	-0.75000000	-0.50000000
880	3	0.00000000	-0.75000000	-0.50000000
881	3	0.00000000	-0.75000000	-0.50000000
882	2	0.00000000	-0.75000000	-0.50000000
883	2	0.00000000	-0.75000000	-0.50000000
884	3	0.00000000	-0.75000000	-0.50000000
885	1	0.00000000	-0.75000000	-0.50000000
886	1	0.00000000	-0.75000000	-0.50000000
887	2	0.00000000	-0.75000000	-0.50000000
888	3	0.00000000	-0.75000000	-0.50000000
889	1	0.00000000	-0.75000000	-0.50000000
890	1	0.00000000	-0.75000000	-0.50000000
891	2	0.00000000	-0.75000000	-0.50000000
892	1	0.00000000	-0.75000000	-0.50000000
893	1	0.00000000	-0.75000000	-0.50000000
894	1	0.00000000	-0.75000000	-0.50000000
895	1	0.00000000	-0.75000000	-0.50000000
896	3	0.00000000	-0.75000000	-0.50000000
897	2	0.00000000	-0.75000000	-0.50000000
898	2	0.00000000	-0.75000000	-0.50000000
899	1	0.00000000	-0.75000000	-0.50000000
900	1	0.00000000	-0.75000000	-0.50000000
901	1	0.00000000	-0.75000000	-0.50000000
902	1	0.00000000	-0.75000000	-0.50000000
903	1	0.00000000	-0.75000000	-0.50000000
904	1	0.00000000	-0.75000000	-0.50000000
905	3	0.00000000	-0.75000000	-0.50000000
906	1	0.00000000	-0.75000000	-0.50000000
907	1	0.00000000	-0.75000000	-0.50000000
908	1	0.00000000	-0.75000000	-0.50000000
909	2	0.00000000	-0.75000000	-0.50000000
910	2	0.00000000	-0.75000000	-0.50000000
911	1	0.00000000	-0.75000000	-0.50000000
912	2	0.00000000	-0.75000000	-0.50000000
913	1	0.00000000	-0.75000000	-0.50000000
914	1	0.00000000	-0.75000000	-0.50000000
915	1	0.00000000	-0.75000000	-0.50000000
916	3	0.00000000	-0.75000000	-0.50000000
917	1	0.00000000	-0.75000000	-0.50000000
918	2	0.00000000	-0.75000000	-0.50000000
919	3	0.00000000	-0.75000000	-0.50000000
920	2	0.00000000	-0.75000000	-0.50000000
921	3	0.00000000	-0.75000000	-0.50000000
922	1	0.00000000	-0.75000000	-0.50000000
923	2	0.00000000	-0.75000000	-0.50000000
924	1	0.00000000	-0.75000000	-0.50000000
925	1	0.00000000	-0.75000000	-0.50000000
926	1	0.00000000	-0.75000000	-0.50000000
927	2	0.00000000	-0.75000000	-0.50000000
928	3	0.00000000	-0.75000000	-0.50000000
929	1	0.00000000	-0.75000000	-0.50000000
930	1	0.00000000	-0.75000000	-0.50000000
931	1	0.00000000	-0.75000000	-0.50000000
932	1	0.00000000	-0.75000000	-0.50000000
933	3	0.00000000	-0.75000000	-0.50000000
934	1	0.00000000	-0.75000000	-0.50000000
935	1	0.00000000	-0.75000000	-0.50000000
936	3	0.00000000	-0.75000000	-0.50000000
937	3	0.00000000	-0.75000000	-0.50000000
938	1	0.00000000	-0.75000000	-0.50000000
939	3	0.00000000	-0.75000000	-0.50000000
940	2	0.00000000	-0.75000000	-0.50000000
941	1	0.00000000	-0.75000000	-0.50000000
942	2	0.00000000	-0.75000000	-0.50000000
943	3	0.00000000	-0.75000000	-0.50000000
944	3	0.00000000	-0.75000000	-0.50000000
945	1	0.00000000	-0.75000000	-0.50000000
946	2	0.00000000	-0.75000000	-0.50000000
947	1	0.00000000	-0.75000000	-0.50000000
948	2	0.00000000	-0.75000000	-0.50000000
949	2	0.00000000	-0.75000000	-0.50000000
950	1	0.00000000	-0.75000000	-0.50000000
951	3	0.00000000	-0.75000000	-0.50000000
952	2	0.00000000	-0.75000000	-0.50000000
953	3	0.00000000	-0.75000000	-0.50000000
954	2	0.00000000	-0.75000000	-0.50000000
955	2	0.00000000	-0.75000000	-0.50000000
956	3	0.00000000	-0.75000000	-0.50000000
957	2	0.00000000	-0.75000000	-0.50000000
958	3	0.00000000	-0.75000000	-0.50000000
959	3	0.00000000	-0.75000000	-0.50000000
960	2	0.00000000	-0.75000000	-0.50000000
961	2	0.00000000	-0.75000000	-0.50000000
962	1	0.00000000	-0.75000000	-0.50000000
963	1	0.00000000	-0.75000000	-0.50000000
964	1	0.00000000	-0.75000000	-0.50000000
965	2	0.00000000	-0.75000000	-0.50000000
966	2	0.00000000	-0.75000000	-0.50000000
967	3	0.00000000	-0.75000000	-0.50000000
968	1	0.00000000	-0.75000000	-0.50000000
969	1	0.00000000	-0.75000000	-0.50000000
970	1	0.00000000	-0.75000000	-0.50000000
971	3	0.00000000	-0.75000000	-0.50000000
972	2	0.00000000	-0.75000000	-0.50000000
973	1	0.00000000	-0.75000000	-0.50000000
974	1	0.00000000	-0.75000000	-0.50000000
975	1	0.00000000	-0.75000000	-0.50000000
976	2	0.00000000	-0.75000000	-0.50000000
977	2	0.00000000	-0.75000000	-0.50000000
978	1	0.00000000	-0.75000000	-0.50000000
979	3	0.00000000	-0.75000000	-0.50000000
980	3	0.00000000	-0.75000000	-0.50000000
981	1	0.00000000	-0.75000000	-0.50000000
982	1	0.00000000	-0.75000000	-0.50000000
983	2	0.00000000	-0.75000000	-0.50000000
984	3	0.00000000	-0.75000000	-0.50000000
985	1	0.00000000	-0.75000000	-0.50000000
986	1	0.00000000	-0.75000000	-0.50000000
987	1	0.00000000	-0.75000000	-0.50000000
988	2	0.00000000	-0.75000000	-0.50000000
989	3	0.00000000	-0.75000000	-0.50000000
990	2	0.00000000	-0.75000000	-0.50000000
991	1	0.00000000	-0.75000000	-0.50000000
992	1	0.00000000	-0.75000000	-0.50000000
993	2	0.00000000	-0.75000000	-0.50000000
994	1	0.00000000	-0.75000000	-0.50000000
995	1	0.00000000	-0.75000000	-0.50000000
996	1	0.00000000	-0.75000000	-0.50000000
997	1	0.00000000	-0.75000000	-0.50000000
998	2	0.00000000	-0.75000000	-0.50000000
999	2	0.00000000	-0.75000000	-0.50000000
1000	2	0.00000000	-0.75000000	-0.50000000
