1	1	5.00000000	6.00000000
2	1	5.00000000	6.00000000
3	1	5.00000000	6.00000000
4	1	5.00000000	6.00000000
5	2	5.00000000	6.00000000
6	2	5.00000000	6.00000000
7	1	5.00000000	6.00000000
8	2	5.00000000	6.00000000
9	1	5.00000000	6.00000000
10	2	5.00000000	6.00000000
11	1	5.00000000	6.00000000
12	1	5.00000000	6.00000000
13	1	5.00000000	6.00000000
14	2	5.00000000	6.00000000
15	2	5.00000000	6.00000000
16	1	5.00000000	6.00000000
17	2	5.00000000	6.00000000
18	1	5.00000000	6.00000000
19	1	5.00000000	6.00000000
20	1	5.00000000	6.00000000
21	1	5.00000000	6.00000000
22	1	5.00000000	6.00000000
23	2	5.00000000	6.00000000
24	2	5.00000000	6.00000000
25	2	5.00000000	6.00000000
26	1	5.00000000	6.00000000
27	1	5.00000000	6.00000000
28	1	5.00000000	6.00000000
29	1	5.00000000	6.00000000
30	2	5.00000000	6.00000000
31	1	5.00000000	6.00000000
32	1	5.00000000	6.00000000
33	1	5.00000000	6.00000000
34	2	5.00000000	6.00000000
35	2	5.00000000	6.00000000
36	1	5.00000000	6.00000000
37	2	5.00000000	6.00000000
38	2	5.00000000	6.00000000
39	2	5.00000000	6.00000000
40	1	5.00000000	6.00000000
41	2	5.00000000	6.00000000
42	1	5.00000000	6.00000000
43	1	5.00000000	6.00000000
44	1	5.00000000	6.00000000
45	2	5.00000000	6.00000000
46	2	5.00000000	6.00000000
47	1	5.00000000	6.00000000
48	1	5.00000000	6.00000000
49	1	5.00000000	6.00000000
50	1	5.00000000	6.00000000
51	2	5.00000000	6.00000000
52	1	5.00000000	6.00000000
53	1	5.00000000	6.00000000
54	1	5.00000000	6.00000000
55	2	5.00000000	6.00000000
56	1	5.00000000	6.00000000
57	1	5.00000000	6.00000000
58	1	5.00000000	6.00000000
59	1	5.00000000	6.00000000
60	1	5.00000000	6.00000000
61	1	5.00000000	6.00000000
62	1	5.00000000	6.00000000
63	1	5.00000000	6.00000000
64	2	5.00000000	6.00000000
65	1	5.00000000	6.00000000
66	1	5.00000000	6.00000000
67	1	5.00000000	6.00000000
68	1	5.00000000	6.00000000
69	2	5.00000000	6.00000000
70	1	5.00000000	6.00000000
71	1	5.00000000	6.00000000
72	2	5.00000000	6.00000000
73	1	5.00000000	6.00000000
74	1	5.00000000	6.00000000
75	1	5.00000000	6.00000000
76	1	5.00000000	6.00000000
77	1	5.00000000	6.00000000
78	1	5.00000000	6.00000000
79	1	5.00000000	6.00000000
80	2	5.00000000	6.00000000
81	1	5.00000000	6.00000000
82	1	5.00000000	6.00000000
83	2	5.00000000	6.00000000
84	1	5.00000000	6.00000000
85	1	5.00000000	6.00000000
86	2	5.00000000	6.00000000
87	1	5.00000000	6.00000000
88	1	5.00000000	6.00000000
89	1	5.00000000	6.00000000
90	1	5.00000000	6.00000000
91	2	5.00000000	6.00000000
92	2	5.00000000	6.00000000
93	2	5.00000000	6.00000000
94	2	5.00000000	6.00000000
95	1	5.00000000	6.00000000
96	1	5.00000000	6.00000000
97	1	5.00000000	6.00000000
98	1	5.00000000	6.00000000
99	2	5.00000000	6.00000000
100	1	5.00000000	6.00000000
101	1	5.00000000	6.00000000
102	1	5.00000000	6.00000000
103	1	5.00000000	6.00000000
104	1	5.00000000	6.00000000
105	1	5.00000000	6.00000000
106	2	5.00000000	6.00000000
107	1	5.00000000	6.00000000
108	2	5.00000000	6.00000000
109	1	5.00000000	6.00000000
110	2	5.00000000	6.00000000
111	1	5.00000000	6.00000000
112	1	5.00000000	6.00000000
113	1	5.00000000	6.00000000
114	1	5.00000000	6.00000000
115	1	5.00000000	6.00000000
116	1	5.00000000	6.00000000
117	1	5.00000000	6.00000000
118	2	5.00000000	6.00000000
119	1	5.00000000	6.00000000
120	1	5.00000000	6.00000000
121	1	5.00000000	6.00000000
122	1	5.00000000	6.00000000
123	2	5.00000000	6.00000000
124	1	5.00000000	6.00000000
125	2	5.00000000	6.00000000
126	2	5.00000000	6.00000000
127	1	5.00000000	6.00000000
128	2	5.00000000	6.00000000
129	1	5.00000000	6.00000000
130	1	5.00000000	6.00000000
131	2	5.00000000	6.00000000
132	1	5.00000000	6.00000000
133	1	5.00000000	6.00000000
134	1	5.00000000	6.00000000
135	1	5.00000000	6.00000000
136	1	5.00000000	6.00000000
137	1	5.00000000	6.00000000
138	1	5.00000000	6.00000000
139	1	5.00000000	6.00000000
140	2	5.00000000	6.00000000
141	1	5.00000000	6.00000000
142	1	5.00000000	6.00000000
143	1	5.00000000	6.00000000
144	1	5.00000000	6.00000000
145	1	5.00000000	6.00000000
146	1	5.00000000	6.00000000
147	1	5.00000000	6.00000000
148	1	5.00000000	6.00000000
149	1	5.00000000	6.00000000
150	2	5.00000000	6.00000000
151	1	5.00000000	6.00000000
152	1	5.00000000	6.00000000
153	1	5.00000000	6.00000000
154	1	5.00000000	6.00000000
155	1	5.00000000	6.00000000
156	1	5.00000000	6.00000000
157	1	5.00000000	6.00000000
158	1	5.00000000	6.00000000
159	1	5.00000000	6.00000000
160	1	5.00000000	6.00000000
161	2	5.00000000	6.00000000
162	2	5.00000000	6.00000000
163	1	5.00000000	6.00000000
164	2	5.00000000	6.00000000
165	1	5.00000000	6.00000000
166	1	5.00000000	6.00000000
167	1	5.00000000	6.00000000
168	2	5.00000000	6.00000000
169	1	5.00000000	6.00000000
170	1	5.00000000	6.00000000
171	1	5.00000000	6.00000000
172	1	5.00000000	6.00000000
173	2	5.00000000	6.00000000
174	1	5.00000000	6.00000000
175	1	5.00000000	6.00000000
176	1	5.00000000	6.00000000
177	2	5.00000000	6.00000000
178	1	5.00000000	6.00000000
179	1	5.00000000	6.00000000
180	1	5.00000000	6.00000000
181	1	5.00000000	6.00000000
182	1	5.00000000	6.00000000
183	1	5.00000000	6.00000000
184	1	5.00000000	6.00000000
185	1	5.00000000	6.00000000
186	1	5.00000000	6.00000000
187	1	5.00000000	6.00000000
188	1	5.00000000	6.00000000
189	2	5.00000000	6.00000000
190	2	5.00000000	6.00000000
191	2	5.00000000	6.00000000
192	2	5.00000000	6.00000000
193	1	5.00000000	6.00000000
194	1	5.00000000	6.00000000
195	1	5.00000000	6.00000000
196	1	5.00000000	6.00000000
197	1	5.00000000	6.00000000
198	1	5.00000000	6.00000000
199	1	5.00000000	6.00000000
200	1	5.00000000	6.00000000
201	1	5.00000000	6.00000000
202	2	5.00000000	6.00000000
203	1	5.00000000	6.00000000
204	1	5.00000000	6.00000000
205	1	5.00000000	6.00000000
206	2	5.00000000	6.00000000
207	1	5.00000000	6.00000000
208	1	5.00000000	6.00000000
209	1	5.00000000	6.00000000
210	1	5.00000000	6.00000000
211	1	5.00000000	6.00000000
212	1	5.00000000	6.00000000
213	1	5.00000000	6.00000000
214	1	5.00000000	6.00000000
215	2	5.00000000	6.00000000
216	1	5.00000000	6.00000000
217	1	5.00000000	6.00000000
218	1	5.00000000	6.00000000
219	2	5.00000000	6.00000000
220	2	5.00000000	6.00000000
221	1	5.00000000	6.00000000
222	1	5.00000000	6.00000000
223	1	5.00000000	6.00000000
224	1	5.00000000	6.00000000
225	2	5.00000000	6.00000000
226	1	5.00000000	6.00000000
227	1	5.00000000	6.00000000
228	2	5.00000000	6.00000000
229	1	5.00000000	6.00000000
230	2	5.00000000	6.00000000
231	2	5.00000000	6.00000000
232	1	5.00000000	6.00000000
233	2	5.00000000	6.00000000
234	1	5.00000000	6.00000000
235	1	5.00000000	6.00000000
236	2	5.00000000	6.00000000
237	2	5.00000000	6.00000000
238	2	5.00000000	6.00000000
239	2	5.00000000	6.00000000
240	2	5.00000000	6.00000000
241	2	5.00000000	6.00000000
242	2	5.00000000	6.00000000
243	2	5.00000000	6.00000000
244	2	5.00000000	6.00000000
245	1	5.00000000	6.00000000
246	1	5.00000000	6.00000000
247	1	5.00000000	6.00000000
248	2	5.00000000	6.00000000
249	1	5.00000000	6.00000000
250	1	5.00000000	6.00000000
251	2	5.00000000	6.00000000
252	1	5.00000000	6.00000000
253	1	5.00000000	6.00000000
254	1	5.00000000	6.00000000
255	2	5.00000000	6.00000000
256	2	5.00000000	6.00000000
257	1	5.00000000	6.00000000
258	1	5.00000000	6.00000000
259	1	5.00000000	6.00000000
260	1	5.00000000	6.00000000
261	1	5.00000000	6.00000000
262	2	5.00000000	6.00000000
263	2	5.00000000	6.00000000
264	1	5.00000000	6.00000000
265	2	5.00000000	6.00000000
266	1	5.00000000	6.00000000
267	2	5.00000000	6.00000000
268	1	5.00000000	6.00000000
269	2	5.00000000	6.00000000
270	1	5.00000000	6.00000000
271	1	5.00000000	6.00000000
272	1	5.00000000	6.00000000
273	1	5.00000000	6.00000000
274	1	5.00000000	6.00000000
275	2	5.00000000	6.00000000
276	1	5.00000000	6.00000000
277	2	5.00000000	6.00000000
278	1	5.00000000	6.00000000
279	1	5.00000000	6.00000000
280	1	5.00000000	6.00000000
281	2	5.00000000	6.00000000
282	1	5.00000000	6.00000000
283	1	5.00000000	6.00000000
284	2	5.00000000	6.00000000
285	1	5.00000000	6.00000000
286	1	5.00000000	6.00000000
287	1	5.00000000	6.00000000
288	1	5.00000000	6.00000000
289	1	5.00000000	6.00000000
290	1	5.00000000	6.00000000
291	1	5.00000000	6.00000000
292	1	5.00000000	6.00000000
293	1	5.00000000	6.00000000
294	1	5.00000000	6.00000000
295	1	5.00000000	6.00000000
296	2	5.00000000	6.00000000
297	2	5.00000000	6.00000000
298	2	5.00000000	6.00000000
299	1	5.00000000	6.00000000
300	2	5.00000000	6.00000000
301	1	5.00000000	6.00000000
302	2	5.00000000	6.00000000
303	2	5.00000000	6.00000000
304	2	5.00000000	6.00000000
305	1	5.00000000	6.00000000
306	1	5.00000000	6.00000000
307	1	5.00000000	6.00000000
308	2	5.00000000	6.00000000
309	1	5.00000000	6.00000000
310	1	5.00000000	6.00000000
311	1	5.00000000	6.00000000
312	1	5.00000000	6.00000000
313	1	5.00000000	6.00000000
314	1	5.00000000	6.00000000
315	2	5.00000000	6.00000000
316	1	5.00000000	6.00000000
317	2	5.00000000	6.00000000
318	1	5.00000000	6.00000000
319	1	5.00000000	6.00000000
320	1	5.00000000	6.00000000
321	1	5.00000000	6.00000000
322	1	5.00000000	6.00000000
323	1	5.00000000	6.00000000
324	2	5.00000000	6.00000000
325	1	5.00000000	6.00000000
326	1	5.00000000	6.00000000
327	1	5.00000000	6.00000000
328	1	5.00000000	6.00000000
329	1	5.00000000	6.00000000
330	1	5.00000000	6.00000000
331	1	5.00000000	6.00000000
332	1	5.00000000	6.00000000
333	2	5.00000000	6.00000000
334	2	5.00000000	6.00000000
335	2	5.00000000	6.00000000
336	2	5.00000000	6.00000000
337	2	5.00000000	6.00000000
338	2	5.00000000	6.00000000
339	2	5.00000000	6.00000000
340	1	5.00000000	6.00000000
341	1	5.00000000	6.00000000
342	1	5.00000000	6.00000000
343	1	5.00000000	6.00000000
344	2	5.00000000	6.00000000
345	2	5.00000000	6.00000000
346	1	5.00000000	6.00000000
347	1	5.00000000	6.00000000
348	1	5.00000000	6.00000000
349	1	5.00000000	6.00000000
350	2	5.00000000	6.00000000
351	1	5.00000000	6.00000000
352	1	5.00000000	6.00000000
353	1	5.00000000	6.00000000
354	1	5.00000000	6.00000000
355	1	5.00000000	6.00000000
356	2	5.00000000	6.00000000
357	1	5.00000000	6.00000000
358	2	5.00000000	6.00000000
359	1	5.00000000	6.00000000
360	1	5.00000000	6.00000000
361	1	5.00000000	6.00000000
362	1	5.00000000	6.00000000
363	1	5.00000000	6.00000000
364	1	5.00000000	6.00000000
365	1	5.00000000	6.00000000
366	1	5.00000000	6.00000000
367	1	5.00000000	6.00000000
368	2	5.00000000	6.00000000
369	2	5.00000000	6.00000000
370	1	5.00000000	6.00000000
371	1	5.00000000	6.00000000
372	1	5.00000000	6.00000000
373	1	5.00000000	6.00000000
374	2	5.00000000	6.00000000
375	1	5.00000000	6.00000000
376	1	5.00000000	6.00000000
377	1	5.00000000	6.00000000
378	1	5.00000000	6.00000000
379	1	5.00000000	6.00000000
380	2	5.00000000	6.00000000
381	1	5.00000000	6.00000000
382	1	5.00000000	6.00000000
383	2	5.00000000	6.00000000
384	1	5.00000000	6.00000000
385	1	5.00000000	6.00000000
386	1	5.00000000	6.00000000
387	1	5.00000000	6.00000000
388	2	5.00000000	6.00000000
389	2	5.00000000	6.00000000
390	1	5.00000000	6.00000000
391	1	5.00000000	6.00000000
392	1	5.00000000	6.00000000
393	2	5.00000000	6.00000000
394	1	5.00000000	6.00000000
395	1	5.00000000	6.00000000
396	1	5.00000000	6.00000000
397	2	5.00000000	6.00000000
398	1	5.00000000	6.00000000
399	1	5.00000000	6.00000000
400	2	5.00000000	6.00000000
401	2	5.00000000	6.00000000
402	1	5.00000000	6.00000000
403	1	5.00000000	6.00000000
404	1	5.00000000	6.00000000
405	2	5.00000000	6.00000000
406	1	5.00000000	6.00000000
407	2	5.00000000	6.00000000
408	2	5.00000000	6.00000000
409	1	5.00000000	6.00000000
410	2	5.00000000	6.00000000
411	1	5.00000000	6.00000000
412	2	5.00000000	6.00000000
413	1	5.00000000	6.00000000
414	1	5.00000000	6.00000000
415	2	5.00000000	6.00000000
416	1	5.00000000	6.00000000
417	2	5.00000000	6.00000000
418	1	5.00000000	6.00000000
419	1	5.00000000	6.00000000
420	1	5.00000000	6.00000000
421	1	5.00000000	6.00000000
422	2	5.00000000	6.00000000
423	2	5.00000000	6.00000000
424	1	5.00000000	6.00000000
425	1	5.00000000	6.00000000
426	1	5.00000000	6.00000000
427	2	5.00000000	6.00000000
428	2	5.00000000	6.00000000
429	1	5.00000000	6.00000000
430	1	5.00000000	6.00000000
431	1	5.00000000	6.00000000
432	1	5.00000000	6.00000000
433	2	5.00000000	6.00000000
434	1	5.00000000	6.00000000
435	1	5.00000000	6.00000000
436	1	5.00000000	6.00000000
437	1	5.00000000	6.00000000
438	2	5.00000000	6.00000000
439	1	5.00000000	6.00000000
440	1	5.00000000	6.00000000
441	2	5.00000000	6.00000000
442	1	5.00000000	6.00000000
443	1	5.00000000	6.00000000
444	2	5.00000000	6.00000000
445	1	5.00000000	6.00000000
446	2	5.00000000	6.00000000
447	2	5.00000000	6.00000000
448	1	5.00000000	6.00000000
449	1	5.00000000	6.00000000
450	2	5.00000000	6.00000000
451	2	5.00000000	6.00000000
452	2	5.00000000	6.00000000
453	1	5.00000000	6.00000000
454	1	5.00000000	6.00000000
455	1	5.00000000	6.00000000
456	2	5.00000000	6.00000000
457	1	5.00000000	6.00000000
458	1	5.00000000	6.00000000
459	1	5.00000000	6.00000000
460	1	5.00000000	6.00000000
461	2	5.00000000	6.00000000
462	2	5.00000000	6.00000000
463	1	5.00000000	6.00000000
464	2	5.00000000	6.00000000
465	1	5.00000000	6.00000000
466	1	5.00000000	6.00000000
467	1	5.00000000	6.00000000
468	2	5.00000000	6.00000000
469	1	5.00000000	6.00000000
470	1	5.00000000	6.00000000
471	1	5.00000000	6.00000000
472	1	5.00000000	6.00000000
473	1	5.00000000	6.00000000
474	1	5.00000000	6.00000000
475	1	5.00000000	6.00000000
476	1	5.00000000	6.00000000
477	2	5.00000000	6.00000000
478	1	5.00000000	6.00000000
479	2	5.00000000	6.00000000
480	1	5.00000000	6.00000000
481	1	5.00000000	6.00000000
482	2	5.00000000	6.00000000
483	2	5.00000000	6.00000000
484	1	5.00000000	6.00000000
485	2	5.00000000	6.00000000
486	1	5.00000000	6.00000000
487	2	5.00000000	6.00000000
488	2	5.00000000	6.00000000
489	1	5.00000000	6.00000000
490	1	5.00000000	6.00000000
491	1	5.00000000	6.00000000
492	1	5.00000000	6.00000000
493	1	5.00000000	6.00000000
494	1	5.00000000	6.00000000
495	2	5.00000000	6.00000000
496	2	5.00000000	6.00000000
497	1	5.00000000	6.00000000
498	2	5.00000000	6.00000000
499	2	5.00000000	6.00000000
500	1	5.00000000	6.00000000
501	1	5.00000000	6.00000000
502	1	5.00000000	6.00000000
503	1	5.00000000	6.00000000
504	1	5.00000000	6.00000000
505	2	5.00000000	6.00000000
506	1	5.00000000	6.00000000
507	2	5.00000000	6.00000000
508	1	5.00000000	6.00000000
509	2	5.00000000	6.00000000
510	1	5.00000000	6.00000000
511	2	5.00000000	6.00000000
512	2	5.00000000	6.00000000
513	1	5.00000000	6.00000000
514	1	5.00000000	6.00000000
515	1	5.00000000	6.00000000
516	1	5.00000000	6.00000000
517	1	5.00000000	6.00000000
518	1	5.00000000	6.00000000
519	1	5.00000000	6.00000000
520	1	5.00000000	6.00000000
521	1	5.00000000	6.00000000
522	1	5.00000000	6.00000000
523	1	5.00000000	6.00000000
524	1	5.00000000	6.00000000
525	2	5.00000000	6.00000000
526	2	5.00000000	6.00000000
527	1	5.00000000	6.00000000
528	1	5.00000000	6.00000000
529	2	5.00000000	6.00000000
530	1	5.00000000	6.00000000
531	1	5.00000000	6.00000000
532	1	5.00000000	6.00000000
533	1	5.00000000	6.00000000
534	1	5.00000000	6.00000000
535	1	5.00000000	6.00000000
536	1	5.00000000	6.00000000
537	1	5.00000000	6.00000000
538	1	5.00000000	6.00000000
539	2	5.00000000	6.00000000
540	1	5.00000000	6.00000000
541	1	5.00000000	6.00000000
542	1	5.00000000	6.00000000
543	2	5.00000000	6.00000000
544	1	5.00000000	6.00000000
545	1	5.00000000	6.00000000
546	1	5.00000000	6.00000000
547	1	5.00000000	6.00000000
548	1	5.00000000	6.00000000
549	1	5.00000000	6.00000000
550	2	5.00000000	6.00000000
551	1	5.00000000	6.00000000
552	2	5.00000000	6.00000000
553	1	5.00000000	6.00000000
554	1	5.00000000	6.00000000
555	2	5.00000000	6.00000000
556	1	5.00000000	6.00000000
557	2	5.00000000	6.00000000
558	1	5.00000000	6.00000000
559	2	5.00000000	6.00000000
560	2	5.00000000	6.00000000
561	2	5.00000000	6.00000000
562	1	5.00000000	6.00000000
563	1	5.00000000	6.00000000
564	1	5.00000000	6.00000000
565	1	5.00000000	6.00000000
566	1	5.00000000	6.00000000
567	2	5.00000000	6.00000000
568	1	5.00000000	6.00000000
569	2	5.00000000	6.00000000
570	1	5.00000000	6.00000000
571	2	5.00000000	6.00000000
572	2	5.00000000	6.00000000
573	1	5.00000000	6.00000000
574	2	5.00000000	6.00000000
575	1	5.00000000	6.00000000
576	1	5.00000000	6.00000000
577	1	5.00000000	6.00000000
578	1	5.00000000	6.00000000
579	2	5.00000000	6.00000000
580	1	5.00000000	6.00000000
581	1	5.00000000	6.00000000
582	1	5.00000000	6.00000000
583	1	5.00000000	6.00000000
584	2	5.00000000	6.00000000
585	1	5.00000000	6.00000000
586	1	5.00000000	6.00000000
587	1	5.00000000	6.00000000
588	1	5.00000000	6.00000000
589	1	5.00000000	6.00000000
590	1	5.00000000	6.00000000
591	2	5.00000000	6.00000000
592	1	5.00000000	6.00000000
593	1	5.00000000	6.00000000
594	2	5.00000000	6.00000000
595	1	5.00000000	6.00000000
596	2	5.00000000	6.00000000
597	1	5.00000000	6.00000000
598	1	5.00000000	6.00000000
599	1	5.00000000	6.00000000
600	1	5.00000000	6.00000000
601	1	5.00000000	6.00000000
602	2	5.00000000	6.00000000
603	1	5.00000000	6.00000000
604	1	5.00000000	6.00000000
605	1	5.00000000	6.00000000
606	1	5.00000000	6.00000000
607	2	5.00000000	6.00000000
608	1	5.00000000	6.00000000
609	2	5.00000000	6.00000000
610	2	5.00000000	6.00000000
611	1	5.00000000	6.00000000
612	2	5.00000000	6.00000000
613	2	5.00000000	6.00000000
614	1	5.00000000	6.00000000
615	1	5.00000000	6.00000000
616	1	5.00000000	6.00000000
617	1	5.00000000	6.00000000
618	2	5.00000000	6.00000000
619	1	5.00000000	6.00000000
620	1	5.00000000	6.00000000
621	1	5.00000000	6.00000000
622	2	5.00000000	6.00000000
623	1	5.00000000	6.00000000
624	1	5.00000000	6.00000000
625	1	5.00000000	6.00000000
626	1	5.00000000	6.00000000
627	1	5.00000000	6.00000000
628	1	5.00000000	6.00000000
629	1	5.00000000	6.00000000
630	1	5.00000000	6.00000000
631	2	5.00000000	6.00000000
632	1	5.00000000	6.00000000
633	2	5.00000000	6.00000000
634	1	5.00000000	6.00000000
635	2	5.00000000	6.00000000
636	1	5.00000000	6.00000000
637	1	5.00000000	6.00000000
638	1	5.00000000	6.00000000
639	1	5.00000000	6.00000000
640	1	5.00000000	6.00000000
641	1	5.00000000	6.00000000
642	1	5.00000000	6.00000000
643	1	5.00000000	6.00000000
644	1	5.00000000	6.00000000
645	1	5.00000000	6.00000000
646	1	5.00000000	6.00000000
647	1	5.00000000	6.00000000
648	1	5.00000000	6.00000000
649	1	5.00000000	6.00000000
650	1	5.00000000	6.00000000
651	1	5.00000000	6.00000000
652	1	5.00000000	6.00000000
653	2	5.00000000	6.00000000
654	1	5.00000000	6.00000000
655	2	5.00000000	6.00000000
656	2	5.00000000	6.00000000
657	2	5.00000000	6.00000000
658	1	5.00000000	6.00000000
659	2	5.00000000	6.00000000
660	1	5.00000000	6.00000000
661	2	5.00000000	6.00000000
662	2	5.00000000	6.00000000
663	1	5.00000000	6.00000000
664	2	5.00000000	6.00000000
665	1	5.00000000	6.00000000
666	1	5.00000000	6.00000000
667	2	5.00000000	6.00000000
668	1	5.00000000	6.00000000
669	1	5.00000000	6.00000000
670	2	5.00000000	6.00000000
671	2	5.00000000	6.00000000
672	1	5.00000000	6.00000000
673	2	5.00000000	6.00000000
674	2	5.00000000	6.00000000
675	1	5.00000000	6.00000000
676	2	5.00000000	6.00000000
677	1	5.00000000	6.00000000
678	1	5.00000000	6.00000000
679	2	5.00000000	6.00000000
680	1	5.00000000	6.00000000
681	1	5.00000000	6.00000000
682	2	5.00000000	6.00000000
683	2	5.00000000	6.00000000
684	1	5.00000000	6.00000000
685	1	5.00000000	6.00000000
686	1	5.00000000	6.00000000
687	1	5.00000000	6.00000000
688	1	5.00000000	6.00000000
689	1	5.00000000	6.00000000
690	2	5.00000000	6.00000000
691	2	5.00000000	6.00000000
692	1	5.00000000	6.00000000
693	1	5.00000000	6.00000000
694	2	5.00000000	6.00000000
695	1	5.00000000	6.00000000
696	1	5.00000000	6.00000000
697	1	5.00000000	6.00000000
698	2	5.00000000	6.00000000
699	2	5.00000000	6.00000000
700	1	5.00000000	6.00000000
701	1	5.00000000	6.00000000
702	1	5.00000000	6.00000000
703	1	5.00000000	6.00000000
704	2	5.00000000	6.00000000
705	1	5.00000000	6.00000000
706	1	5.00000000	6.00000000
707	1	5.00000000	6.00000000
708	1	5.00000000	6.00000000
709	2	5.00000000	6.00000000
710	1	5.00000000	6.00000000
711	1	5.00000000	6.00000000
712	2	5.00000000	6.00000000
713	2	5.00000000	6.00000000
714	1	5.00000000	6.00000000
715	1	5.00000000	6.00000000
716	1	5.00000000	6.00000000
717	2	5.00000000	6.00000000
718	2	5.00000000	6.00000000
719	1	5.00000000	6.00000000
720	2	5.00000000	6.00000000
721	1	5.00000000	6.00000000
722	1	5.00000000	6.00000000
723	2	5.00000000	6.00000000
724	1	5.00000000	6.00000000
725	2	5.00000000	6.00000000
726	1	5.00000000	6.00000000
727	1	5.00000000	6.00000000
728	1	5.00000000	6.00000000
729	1	5.00000000	6.00000000
730	1	5.00000000	6.00000000
731	1	5.00000000	6.00000000
732	2	5.00000000	6.00000000
733	1	5.00000000	6.00000000
734	2	5.00000000	6.00000000
735	1	5.00000000	6.00000000
736	2	5.00000000	6.00000000
737	1	5.00000000	6.00000000
738	1	5.00000000	6.00000000
739	1	5.00000000	6.00000000
740	1	5.00000000	6.00000000
741	1	5.00000000	6.00000000
742	2	5.00000000	6.00000000
743	1	5.00000000	6.00000000
744	1	5.00000000	6.00000000
745	1	5.00000000	6.00000000
746	2	5.00000000	6.00000000
747	1	5.00000000	6.00000000
748	1	5.00000000	6.00000000
749	1	5.00000000	6.00000000
750	1	5.00000000	6.00000000
751	1	5.00000000	6.00000000
752	1	5.00000000	6.00000000
753	1	5.00000000	6.00000000
754	1	5.00000000	6.00000000
755	1	5.00000000	6.00000000
756	2	5.00000000	6.00000000
757	2	5.00000000	6.00000000
758	2	5.00000000	6.00000000
759	1	5.00000000	6.00000000
760	1	5.00000000	6.00000000
761	1	5.00000000	6.00000000
762	1	5.00000000	6.00000000
763	1	5.00000000	6.00000000
764	1	5.00000000	6.00000000
765	1	5.00000000	6.00000000
766	1	5.00000000	6.00000000
767	1	5.00000000	6.00000000
768	1	5.00000000	6.00000000
769	1	5.00000000	6.00000000
770	1	5.00000000	6.00000000
771	1	5.00000000	6.00000000
772	1	5.00000000	6.00000000
773	2	5.00000000	6.00000000
774	2	5.00000000	6.00000000
775	1	5.00000000	6.00000000
776	1	5.00000000	6.00000000
777	1	5.00000000	6.00000000
778	2	5.00000000	6.00000000
779	1	5.00000000	6.00000000
780	2	5.00000000	6.00000000
781	1	5.00000000	6.00000000
782	2	5.00000000	6.00000000
783	1	5.00000000	6.00000000
784	1	5.00000000	6.00000000
785	1	5.00000000	6.00000000
786	1	5.00000000	6.00000000
787	2	5.00000000	6.00000000
788	1	5.00000000	6.00000000
789	1	5.00000000	6.00000000
790	1	5.00000000	6.00000000
791	1	5.00000000	6.00000000
792	1	5.00000000	6.00000000
793	2	5.00000000	6.00000000
794	1	5.00000000	6.00000000
795	1	5.00000000	6.00000000
796	1	5.00000000	6.00000000
797	1	5.00000000	6.00000000
798	1	5.00000000	6.00000000
799	1	5.00000000	6.00000000
800	1	5.00000000	6.00000000
801	1	5.00000000	6.00000000
802	1	5.00000000	6.00000000
803	1	5.00000000	6.00000000
804	2	5.00000000	6.00000000
805	1	5.00000000	6.00000000
806	2	5.00000000	6.00000000
807	1	5.00000000	6.00000000
808	1	5.00000000	6.00000000
809	2	5.00000000	6.00000000
810	1	5.00000000	6.00000000
811	2	5.00000000	6.00000000
812	2	5.00000000	6.00000000
813	1	5.00000000	6.00000000
814	1	5.00000000	6.00000000
815	2	5.00000000	6.00000000
816	1	5.00000000	6.00000000
817	1	5.00000000	6.00000000
818	1	5.00000000	6.00000000
819	2	5.00000000	6.00000000
820	1	5.00000000	6.00000000
821	1	5.00000000	6.00000000
822	1	5.00000000	6.00000000
823	2	5.00000000	6.00000000
824	1	5.00000000	6.00000000
825	1	5.00000000	6.00000000
826	2	5.00000000	6.00000000
827	1	5.00000000	6.00000000
828	1	5.00000000	6.00000000
829	2	5.00000000	6.00000000
830	1	5.00000000	6.00000000
831	1	5.00000000	6.00000000
832	1	5.00000000	6.00000000
833	1	5.00000000	6.00000000
834	2	5.00000000	6.00000000
835	1	5.00000000	6.00000000
836	1	5.00000000	6.00000000
837	2	5.00000000	6.00000000
838	1	5.00000000	6.00000000
839	1	5.00000000	6.00000000
840	2	5.00000000	6.00000000
841	1	5.00000000	6.00000000
842	1	5.00000000	6.00000000
843	1	5.00000000	6.00000000
844	2	5.00000000	6.00000000
845	1	5.00000000	6.00000000
846	1	5.00000000	6.00000000
847	1	5.00000000	6.00000000
848	2	5.00000000	6.00000000
849	1	5.00000000	6.00000000
850	1	5.00000000	6.00000000
851	1	5.00000000	6.00000000
852	1	5.00000000	6.00000000
853	1	5.00000000	6.00000000
854	1	5.00000000	6.00000000
855	1	5.00000000	6.00000000
856	1	5.00000000	6.00000000
857	1	5.00000000	6.00000000
858	2	5.00000000	6.00000000
859	1	5.00000000	6.00000000
860	1	5.00000000	6.00000000
861	1	5.00000000	6.00000000
862	1	5.00000000	6.00000000
863	2	5.00000000	6.00000000
864	1	5.00000000	6.00000000
865	1	5.00000000	6.00000000
866	1	5.00000000	6.00000000
867	1	5.00000000	6.00000000
868	1	5.00000000	6.00000000
869	1	5.00000000	6.00000000
870	1	5.00000000	6.00000000
871	1	5.00000000	6.00000000
872	1	5.00000000	6.00000000
873	2	5.00000000	6.00000000
874	1	5.00000000	6.00000000
875	2	5.00000000	6.00000000
876	2	5.00000000	6.00000000
877	1	5.00000000	6.00000000
878	2	5.00000000	6.00000000
879	1	5.00000000	6.00000000
880	1	5.00000000	6.00000000
881	1	5.00000000	6.00000000
882	1	5.00000000	6.00000000
883	1	5.00000000	6.00000000
884	2	5.00000000	6.00000000
885	1	5.00000000	6.00000000
886	1	5.00000000	6.00000000
887	1	5.00000000	6.00000000
888	2	5.00000000	6.00000000
889	1	5.00000000	6.00000000
890	1	5.00000000	6.00000000
891	1	5.00000000	6.00000000
892	1	5.00000000	6.00000000
893	2	5.00000000	6.00000000
894	1	5.00000000	6.00000000
895	1	5.00000000	6.00000000
896	2	5.00000000	6.00000000
897	1	5.00000000	6.00000000
898	1	5.00000000	6.00000000
899	2	5.00000000	6.00000000
900	1	5.00000000	6.00000000
901	1	5.00000000	6.00000000
902	1	5.00000000	6.00000000
903	1	5.00000000	6.00000000
904	2	5.00000000	6.00000000
905	2	5.00000000	6.00000000
906	1	5.00000000	6.00000000
907	1	5.00000000	6.00000000
908	1	5.00000000	6.00000000
909	2	5.00000000	6.00000000
910	1	5.00000000	6.00000000
911	1	5.00000000	6.00000000
912	1	5.00000000	6.00000000
913	1	5.00000000	6.00000000
914	1	5.00000000	6.00000000
915	1	5.00000000	6.00000000
916	1	5.00000000	6.00000000
917	1	5.00000000	6.00000000
918	2	5.00000000	6.00000000
919	1	5.00000000	6.00000000
920	2	5.00000000	6.00000000
921	2	5.00000000	6.00000000
922	1	5.00000000	6.00000000
923	1	5.00000000	6.00000000
924	1	5.00000000	6.00000000
925	1	5.00000000	6.00000000
926	1	5.00000000	6.00000000
927	1	5.00000000	6.00000000
928	2	5.00000000	6.00000000
929	1	5.00000000	6.00000000
930	2	5.00000000	6.00000000
931	1	5.00000000	6.00000000
932	1	5.00000000	6.00000000
933	1	5.00000000	6.00000000
934	1	5.00000000	6.00000000
935	1	5.00000000	6.00000000
936	1	5.00000000	6.00000000
937	1	5.00000000	6.00000000
938	1	5.00000000	6.00000000
939	1	5.00000000	6.00000000
940	1	5.00000000	6.00000000
941	1	5.00000000	6.00000000
942	1	5.00000000	6.00000000
943	1	5.00000000	6.00000000
944	2	5.00000000	6.00000000
945	2	5.00000000	6.00000000
946	1	5.00000000	6.00000000
947	1	5.00000000	6.00000000
948	1	5.00000000	6.00000000
949	2	5.00000000	6.00000000
950	2	5.00000000	6.00000000
951	1	5.00000000	6.00000000
952	1	5.00000000	6.00000000
953	1	5.00000000	6.00000000
954	2	5.00000000	6.00000000
955	2	5.00000000	6.00000000
956	1	5.00000000	6.00000000
957	1	5.00000000	6.00000000
958	2	5.00000000	6.00000000
959	2	5.00000000	6.00000000
960	1	5.00000000	6.00000000
961	2	5.00000000	6.00000000
962	1	5.00000000	6.00000000
963	2	5.00000000	6.00000000
964	1	5.00000000	6.00000000
965	2	5.00000000	6.00000000
966	1	5.00000000	6.00000000
967	2	5.00000000	6.00000000
968	1	5.00000000	6.00000000
969	1	5.00000000	6.00000000
970	2	5.00000000	6.00000000
971	1	5.00000000	6.00000000
972	1	5.00000000	6.00000000
973	1	5.00000000	6.00000000
974	1	5.00000000	6.00000000
975	1	5.00000000	6.00000000
976	1	5.00000000	6.00000000
977	1	5.00000000	6.00000000
978	2	5.00000000	6.00000000
979	1	5.00000000	6.00000000
980	2	5.00000000	6.00000000
981	1	5.00000000	6.00000000
982	2	5.00000000	6.00000000
983	1	5.00000000	6.00000000
984	1	5.00000000	6.00000000
985	1	5.00000000	6.00000000
986	1	5.00000000	6.00000000
987	2	5.00000000	6.00000000
988	1	5.00000000	6.00000000
989	1	5.00000000	6.00000000
990	1	5.00000000	6.00000000
991	2	5.00000000	6.00000000
992	1	5.00000000	6.00000000
993	2	5.00000000	6.00000000
994	1	5.00000000	6.00000000
995	1	5.00000000	6.00000000
996	1	5.00000000	6.00000000
997	1	5.00000000	6.00000000
998	1	5.00000000	6.00000000
999	1	5.00000000	6.00000000
1000	2	5.00000000	6.00000000
