1	1	0.00000000	5.00000000	6.00000000
2	1	0.00000000	5.00000000	6.00000000
3	1	0.00000000	5.00000000	6.00000000
4	3	0.00000000	5.00000000	6.00000000
5	1	0.00000000	5.00000000	6.00000000
6	1	0.00000000	5.00000000	6.00000000
7	2	0.00000000	5.00000000	6.00000000
8	3	0.00000000	5.00000000	6.00000000
9	2	0.00000000	5.00000000	6.00000000
10	1	0.00000000	5.00000000	6.00000000
11	3	0.00000000	5.00000000	6.00000000
12	1	0.00000000	5.00000000	6.00000000
13	1	0.00000000	5.00000000	6.00000000
14	1	0.00000000	5.00000000	6.00000000
15	3	0.00000000	5.00000000	6.00000000
16	1	0.00000000	5.00000000	6.00000000
17	2	0.00000000	5.00000000	6.00000000
18	1	0.00000000	5.00000000	6.00000000
19	3	0.00000000	5.00000000	6.00000000
20	1	0.00000000	5.00000000	6.00000000
21	1	0.00000000	5.00000000	6.00000000
22	2	0.00000000	5.00000000	6.00000000
23	2	0.00000000	5.00000000	6.00000000
24	3	0.00000000	5.00000000	6.00000000
25	3	0.00000000	5.00000000	6.00000000
26	1	0.00000000	5.00000000	6.00000000
27	1	0.00000000	5.00000000	6.00000000
28	1	0.00000000	5.00000000	6.00000000
29	1	0.00000000	5.00000000	6.00000000
30	3	0.00000000	5.00000000	6.00000000
31	1	0.00000000	5.00000000	6.00000000
32	1	0.00000000	5.00000000	6.00000000
33	2	0.00000000	5.00000000	6.00000000
34	3	0.00000000	5.00000000	6.00000000
35	1	0.00000000	5.00000000	6.00000000
36	1	0.00000000	5.00000000	6.00000000
37	1	0.00000000	5.00000000	6.00000000
38	1	0.00000000	5.00000000	6.00000000
39	1	0.00000000	5.00000000	6.00000000
40	1	0.00000000	5.00000000	6.00000000
41	1	0.00000000	5.00000000	6.00000000
42	3	0.00000000	5.00000000	6.00000000
43	1	0.00000000	5.00000000	6.00000000
44	2	0.00000000	5.00000000	6.00000000
45	1	0.00000000	5.00000000	6.00000000
46	1	0.00000000	5.00000000	6.00000000
47	1	0.00000000	5.00000000	6.00000000
48	1	0.00000000	5.00000000	6.00000000
49	3	0.00000000	5.00000000	6.00000000
50	2	0.00000000	5.00000000	6.00000000
51	1	0.00000000	5.00000000	6.00000000
52	1	0.00000000	5.00000000	6.00000000
53	1	0.00000000	5.00000000	6.00000000
54	2	0.00000000	5.00000000	6.00000000
55	2	0.00000000	5.00000000	6.00000000
56	1	0.00000000	5.00000000	6.00000000
57	1	0.00000000	5.00000000	6.00000000
58	1	0.00000000	5.00000000	6.00000000
59	2	0.00000000	5.00000000	6.00000000
60	1	0.00000000	5.00000000	6.00000000
61	2	0.00000000	5.00000000	6.00000000
62	1	0.00000000	5.00000000	6.00000000
63	1	0.00000000	5.00000000	6.00000000
64	3	0.00000000	5.00000000	6.00000000
65	3	0.00000000	5.00000000	6.00000000
66	3	0.00000000	5.00000000	6.00000000
67	2	0.00000000	5.00000000	6.00000000
68	1	0.00000000	5.00000000	6.00000000
69	1	0.00000000	5.00000000	6.00000000
70	1	0.00000000	5.00000000	6.00000000
71	2	0.00000000	5.00000000	6.00000000
72	1	0.00000000	5.00000000	6.00000000
73	1	0.00000000	5.00000000	6.00000000
74	1	0.00000000	5.00000000	6.00000000
75	1	0.00000000	5.00000000	6.00000000
76	1	0.00000000	5.00000000	6.00000000
77	1	0.00000000	5.00000000	6.00000000
78	1	0.00000000	5.00000000	6.00000000
79	1	0.00000000	5.00000000	6.00000000
80	3	0.00000000	5.00000000	6.00000000
81	1	0.00000000	5.00000000	6.00000000
82	1	0.00000000	5.00000000	6.00000000
83	3	0.00000000	5.00000000	6.00000000
84	2	0.00000000	5.00000000	6.00000000
85	1	0.00000000	5.00000000	6.00000000
86	3	0.00000000	5.00000000	6.00000000
87	1	0.00000000	5.00000000	6.00000000
88	2	0.00000000	5.00000000	6.00000000
89	1	0.00000000	5.00000000	6.00000000
90	1	0.00000000	5.00000000	6.00000000
91	3	0.00000000	5.00000000	6.00000000
92	3	0.00000000	5.00000000	6.00000000
93	1	0.00000000	5.00000000	6.00000000
94	1	0.00000000	5.00000000	6.00000000
95	1	0.00000000	5.00000000	6.00000000
96	1	0.00000000	5.00000000	6.00000000
97	1	0.00000000	5.00000000	6.00000000
98	1	0.00000000	5.00000000	6.00000000
99	2	0.00000000	5.00000000	6.00000000
100	3	0.00000000	5.00000000	6.00000000
101	1	0.00000000	5.00000000	6.00000000
102	1	0.00000000	5.00000000	6.00000000
103	2	0.00000000	5.00000000	6.00000000
104	1	0.00000000	5.00000000	6.00000000
105	1	0.00000000	5.00000000	6.00000000
106	1	0.00000000	5.00000000	6.00000000
107	3	0.00000000	5.00000000	6.00000000
108	1	0.00000000	5.00000000	6.00000000
109	1	0.00000000	5.00000000	6.00000000
110	2	0.00000000	5.00000000	6.00000000
111	3	0.00000000	5.00000000	6.00000000
112	1	0.00000000	5.00000000	6.00000000
113	1	0.00000000	5.00000000	6.00000000
114	3	0.00000000	5.00000000	6.00000000
115	1	0.00000000	5.00000000	6.00000000
116	3	0.00000000	5.00000000	6.00000000
117	3	0.00000000	5.00000000	6.00000000
118	3	0.00000000	5.00000000	6.00000000
119	1	0.00000000	5.00000000	6.00000000
120	3	0.00000000	5.00000000	6.00000000
121	1	0.00000000	5.00000000	6.00000000
122	1	0.00000000	5.00000000	6.00000000
123	2	0.00000000	5.00000000	6.00000000
124	2	0.00000000	5.00000000	6.00000000
125	1	0.00000000	5.00000000	6.00000000
126	1	0.00000000	5.00000000	6.00000000
127	2	0.00000000	5.00000000	6.00000000
128	2	0.00000000	5.00000000	6.00000000
129	3	0.00000000	5.00000000	6.00000000
130	1	0.00000000	5.00000000	6.00000000
131	1	0.00000000	5.00000000	6.00000000
132	1	0.00000000	5.00000000	6.00000000
133	1	0.00000000	5.00000000	6.00000000
134	1	0.00000000	5.00000000	6.00000000
135	2	0.00000000	5.00000000	6.00000000
136	1	0.00000000	5.00000000	6.00000000
137	1	0.00000000	5.00000000	6.00000000
138	2	0.00000000	5.00000000	6.00000000
139	2	0.00000000	5.00000000	6.00000000
140	1	0.00000000	5.00000000	6.00000000
141	2	0.00000000	5.00000000	6.00000000
142	3	0.00000000	5.00000000	6.00000000
143	1	0.00000000	5.00000000	6.00000000
144	1	0.00000000	5.00000000	6.00000000
145	1	0.00000000	5.00000000	6.00000000
146	1	0.00000000	5.00000000	6.00000000
147	1	0.00000000	5.00000000	6.00000000
148	1	0.00000000	5.00000000	6.00000000
149	1	0.00000000	5.00000000	6.00000000
150	3	0.00000000	5.00000000	6.00000000
151	1	0.00000000	5.00000000	6.00000000
152	1	0.00000000	5.00000000	6.00000000
153	2	0.00000000	5.00000000	6.00000000
154	2	0.00000000	5.00000000	6.00000000
155	1	0.00000000	5.00000000	6.00000000
156	2	0.00000000	5.00000000	6.00000000
157	2	0.00000000	5.00000000	6.00000000
158	2	0.00000000	5.00000000	6.00000000
159	1	0.00000000	5.00000000	6.00000000
160	1	0.00000000	5.00000000	6.00000000
161	1	0.00000000	5.00000000	6.00000000
162	1	0.00000000	5.00000000	6.00000000
163	2	0.00000000	5.00000000	6.00000000
164	1	0.00000000	5.00000000	6.00000000
165	1	0.00000000	5.00000000	6.00000000
166	2	0.00000000	5.00000000	6.00000000
167	1	0.00000000	5.00000000	6.00000000
168	3	0.00000000	5.00000000	6.00000000
169	3	0.00000000	5.00000000	6.00000000
170	1	0.00000000	5.00000000	6.00000000
171	3	0.00000000	5.00000000	6.00000000
172	3	0.00000000	5.00000000	6.00000000
173	3	0.00000000	5.00000000	6.00000000
174	1	0.00000000	5.00000000	6.00000000
175	1	0.00000000	5.00000000	6.00000000
176	1	0.00000000	5.00000000	6.00000000
177	2	0.00000000	5.00000000	6.00000000
178	1	0.00000000	5.00000000	6.00000000
179	3	0.00000000	5.00000000	6.00000000
180	2	0.00000000	5.00000000	6.00000000
181	2	0.00000000	5.00000000	6.00000000
182	3	0.00000000	5.00000000	6.00000000
183	1	0.00000000	5.00000000	6.00000000
184	1	0.00000000	5.00000000	6.00000000
185	1	0.00000000	5.00000000	6.00000000
186	1	0.00000000	5.00000000	6.00000000
187	1	0.00000000	5.00000000	6.00000000
188	3	0.00000000	5.00000000	6.00000000
189	1	0.00000000	5.00000000	6.00000000
190	1	0.00000000	5.00000000	6.00000000
191	3	0.00000000	5.00000000	6.00000000
192	1	0.00000000	5.00000000	6.00000000
193	1	0.00000000	5.00000000	6.00000000
194	1	0.00000000	5.00000000	6.00000000
195	1	0.00000000	5.00000000	6.00000000
196	1	0.00000000	5.00000000	6.00000000
197	2	0.00000000	5.00000000	6.00000000
198	1	0.00000000	5.00000000	6.00000000
199	3	0.00000000	5.00000000	6.00000000
200	1	0.00000000	5.00000000	6.00000000
201	3	0.00000000	5.00000000	6.00000000
202	2	0.00000000	5.00000000	6.00000000
203	3	0.00000000	5.00000000	6.00000000
204	1	0.00000000	5.00000000	6.00000000
205	1	0.00000000	5.00000000	6.00000000
206	1	0.00000000	5.00000000	6.00000000
207	3	0.00000000	5.00000000	6.00000000
208	1	0.00000000	5.00000000	6.00000000
209	1	0.00000000	5.00000000	6.00000000
210	1	0.00000000	5.00000000	6.00000000
211	1	0.00000000	5.00000000	6.00000000
212	1	0.00000000	5.00000000	6.00000000
213	1	0.00000000	5.00000000	6.00000000
214	1	0.00000000	5.00000000	6.00000000
215	1	0.00000000	5.00000000	6.00000000
216	1	0.00000000	5.00000000	6.00000000
217	2	0.00000000	5.00000000	6.00000000
218	1	0.00000000	5.00000000	6.00000000
219	2	0.00000000	5.00000000	6.00000000
220	3	0.00000000	5.00000000	6.00000000
221	3	0.00000000	5.00000000	6.00000000
222	1	0.00000000	5.00000000	6.00000000
223	2	0.00000000	5.00000000	6.00000000
224	3	0.00000000	5.00000000	6.00000000
225	1	0.00000000	5.00000000	6.00000000
226	2	0.00000000	5.00000000	6.00000000
227	1	0.00000000	5.00000000	6.00000000
228	1	0.00000000	5.00000000	6.00000000
229	1	0.00000000	5.00000000	6.00000000
230	1	0.00000000	5.00000000	6.00000000
231	1	0.00000000	5.00000000	6.00000000
232	1	0.00000000	5.00000000	6.00000000
233	1	0.00000000	5.00000000	6.00000000
234	3	0.00000000	5.00000000	6.00000000
235	2	0.00000000	5.00000000	6.00000000
236	3	0.00000000	5.00000000	6.00000000
237	1	0.00000000	5.00000000	6.00000000
238	3	0.00000000	5.00000000	6.00000000
239	2	0.00000000	5.00000000	6.00000000
240	3	0.00000000	5.00000000	6.00000000
241	2	0.00000000	5.00000000	6.00000000
242	2	0.00000000	5.00000000	6.00000000
243	1	0.00000000	5.00000000	6.00000000
244	2	0.00000000	5.00000000	6.00000000
245	2	0.00000000	5.00000000	6.00000000
246	1	0.00000000	5.00000000	6.00000000
247	1	0.00000000	5.00000000	6.00000000
248	1	0.00000000	5.00000000	6.00000000
249	2	0.00000000	5.00000000	6.00000000
250	2	0.00000000	5.00000000	6.00000000
251	1	0.00000000	5.00000000	6.00000000
252	1	0.00000000	5.00000000	6.00000000
253	2	0.00000000	5.00000000	6.00000000
254	1	0.00000000	5.00000000	6.00000000
255	1	0.00000000	5.00000000	6.00000000
256	1	0.00000000	5.00000000	6.00000000
257	2	0.00000000	5.00000000	6.00000000
258	1	0.00000000	5.00000000	6.00000000
259	3	0.00000000	5.00000000	6.00000000
260	1	0.00000000	5.00000000	6.00000000
261	1	0.00000000	5.00000000	6.00000000
262	1	0.00000000	5.00000000	6.00000000
263	3	0.00000000	5.00000000	6.00000000
264	2	0.00000000	5.00000000	6.00000000
265	3	0.00000000	5.00000000	6.00000000
266	3	0.00000000	5.00000000	6.00000000
267	2	0.00000000	5.00000000	6.00000000
268	1	0.00000000	5.00000000	6.00000000
269	2	0.00000000	5.00000000	6.00000000
270	1	0.00000000	5.00000000	6.00000000
271	1	0.00000000	5.00000000	6.00000000
272	1	0.00000000	5.00000000	6.00000000
273	3	0.00000000	5.00000000	6.00000000
274	1	0.00000000	5.00000000	6.00000000
275	2	0.00000000	5.00000000	6.00000000
276	1	0.00000000	5.00000000	6.00000000
277	1	0.00000000	5.00000000	6.00000000
278	1	0.00000000	5.00000000	6.00000000
279	1	0.00000000	5.00000000	6.00000000
280	2	0.00000000	5.00000000	6.00000000
281	1	0.00000000	5.00000000	6.00000000
282	1	0.00000000	5.00000000	6.00000000
283	1	0.00000000	5.00000000	6.00000000
284	1	0.00000000	5.00000000	6.00000000
285	2	0.00000000	5.00000000	6.00000000
286	1	0.00000000	5.00000000	6.00000000
287	1	0.00000000	5.00000000	6.00000000
288	3	0.00000000	5.00000000	6.00000000
289	1	0.00000000	5.00000000	6.00000000
290	2	0.00000000	5.00000000	6.00000000
291	3	0.00000000	5.00000000	6.00000000
292	3	0.00000000	5.00000000	6.00000000
293	1	0.00000000	5.00000000	6.00000000
294	1	0.00000000	5.00000000	6.00000000
295	1	0.00000000	5.00000000	6.00000000
296	1	0.00000000	5.00000000	6.00000000
297	1	0.00000000	5.00000000	6.00000000
298	2	0.00000000	5.00000000	6.00000000
299	2	0.00000000	5.00000000	6.00000000
300	1	0.00000000	5.00000000	6.00000000
301	1	0.00000000	5.00000000	6.00000000
302	2	0.00000000	5.00000000	6.00000000
303	1	0.00000000	5.00000000	6.00000000
304	1	0.00000000	5.00000000	6.00000000
305	1	0.00000000	5.00000000	6.00000000
306	1	0.00000000	5.00000000	6.00000000
307	1	0.00000000	5.00000000	6.00000000
308	1	0.00000000	5.00000000	6.00000000
309	2	0.00000000	5.00000000	6.00000000
310	2	0.00000000	5.00000000	6.00000000
311	2	0.00000000	5.00000000	6.00000000
312	1	0.00000000	5.00000000	6.00000000
313	2	0.00000000	5.00000000	6.00000000
314	1	0.00000000	5.00000000	6.00000000
315	2	0.00000000	5.00000000	6.00000000
316	1	0.00000000	5.00000000	6.00000000
317	2	0.00000000	5.00000000	6.00000000
318	1	0.00000000	5.00000000	6.00000000
319	3	0.00000000	5.00000000	6.00000000
320	1	0.00000000	5.00000000	6.00000000
321	1	0.00000000	5.00000000	6.00000000
322	3	0.00000000	5.00000000	6.00000000
323	3	0.00000000	5.00000000	6.00000000
324	1	0.00000000	5.00000000	6.00000000
325	2	0.00000000	5.00000000	6.00000000
326	3	0.00000000	5.00000000	6.00000000
327	3	0.00000000	5.00000000	6.00000000
328	1	0.00000000	5.00000000	6.00000000
329	3	0.00000000	5.00000000	6.00000000
330	2	0.00000000	5.00000000	6.00000000
331	1	0.00000000	5.00000000	6.00000000
332	1	0.00000000	5.00000000	6.00000000
333	1	0.00000000	5.00000000	6.00000000
334	1	0.00000000	5.00000000	6.00000000
335	1	0.00000000	5.00000000	6.00000000
336	1	0.00000000	5.00000000	6.00000000
337	1	0.00000000	5.00000000	6.00000000
338	3	0.00000000	5.00000000	6.00000000
339	1	0.00000000	5.00000000	6.00000000
340	3	0.00000000	5.00000000	6.00000000
341	2	0.00000000	5.00000000	6.00000000
342	1	0.00000000	5.00000000	6.00000000
343	2	0.00000000	5.00000000	6.00000000
344	2	0.00000000	5.00000000	6.00000000
345	1	0.00000000	5.00000000	6.00000000
346	1	0.00000000	5.00000000	6.00000000
347	1	0.00000000	5.00000000	6.00000000
348	3	0.00000000	5.00000000	6.00000000
349	2	0.00000000	5.00000000	6.00000000
350	2	0.00000000	5.00000000	6.00000000
351	2	0.00000000	5.00000000	6.00000000
352	3	0.00000000	5.00000000	6.00000000
353	3	0.00000000	5.00000000	6.00000000
354	2	0.00000000	5.00000000	6.00000000
355	1	0.00000000	5.00000000	6.00000000
356	1	0.00000000	5.00000000	6.00000000
357	3	0.00000000	5.00000000	6.00000000
358	2	0.00000000	5.00000000	6.00000000
359	3	0.00000000	5.00000000	6.00000000
360	3	0.00000000	5.00000000	6.00000000
361	1	0.00000000	5.00000000	6.00000000
362	1	0.00000000	5.00000000	6.00000000
363	2	0.00000000	5.00000000	6.00000000
364	3	0.00000000	5.00000000	6.00000000
365	2	0.00000000	5.00000000	6.00000000
366	3	0.00000000	5.00000000	6.00000000
367	1	0.00000000	5.00000000	6.00000000
368	1	0.00000000	5.00000000	6.00000000
369	1	0.00000000	5.00000000	6.00000000
370	1	0.00000000	5.00000000	6.00000000
371	3	0.00000000	5.00000000	6.00000000
372	2	0.00000000	5.00000000	6.00000000
373	1	0.00000000	5.00000000	6.00000000
374	1	0.00000000	5.00000000	6.00000000
375	2	0.00000000	5.00000000	6.00000000
376	1	0.00000000	5.00000000	6.00000000
377	2	0.00000000	5.00000000	6.00000000
378	1	0.00000000	5.00000000	6.00000000
379	1	0.00000000	5.00000000	6.00000000
380	2	0.00000000	5.00000000	6.00000000
381	2	0.00000000	5.00000000	6.00000000
382	1	0.00000000	5.00000000	6.00000000
383	1	0.00000000	5.00000000	6.00000000
384	1	0.00000000	5.00000000	6.00000000
385	2	0.00000000	5.00000000	6.00000000
386	1	0.00000000	5.00000000	6.00000000
387	1	0.00000000	5.00000000	6.00000000
388	1	0.00000000	5.00000000	6.00000000
389	1	0.00000000	5.00000000	6.00000000
390	1	0.00000000	5.00000000	6.00000000
391	1	0.00000000	5.00000000	6.00000000
392	3	0.00000000	5.00000000	6.00000000
393	3	0.00000000	5.00000000	6.00000000
394	1	0.00000000	5.00000000	6.00000000
395	1	0.00000000	5.00000000	6.00000000
396	1	0.00000000	5.00000000	6.00000000
397	1	0.00000000	5.00000000	6.00000000
398	1	0.00000000	5.00000000	6.00000000
399	1	0.00000000	5.00000000	6.00000000
400	1	0.00000000	5.00000000	6.00000000
401	2	0.00000000	5.00000000	6.00000000
402	3	0.00000000	5.00000000	6.00000000
403	2	0.00000000	5.00000000	6.00000000
404	2	0.00000000	5.00000000	6.00000000
405	2	0.00000000	5.00000000	6.00000000
406	1	0.00000000	5.00000000	6.00000000
407	1	0.00000000	5.00000000	6.00000000
408	2	0.00000000	5.00000000	6.00000000
409	2	0.00000000	5.00000000	6.00000000
410	3	0.00000000	5.00000000	6.00000000
411	1	0.00000000	5.00000000	6.00000000
412	1	0.00000000	5.00000000	6.00000000
413	1	0.00000000	5.00000000	6.00000000
414	3	0.00000000	5.00000000	6.00000000
415	1	0.00000000	5.00000000	6.00000000
416	2	0.00000000	5.00000000	6.00000000
417	3	0.00000000	5.00000000	6.00000000
418	3	0.00000000	5.00000000	6.00000000
419	1	0.00000000	5.00000000	6.00000000
420	1	0.00000000	5.00000000	6.00000000
421	1	0.00000000	5.00000000	6.00000000
422	1	0.00000000	5.00000000	6.00000000
423	2	0.00000000	5.00000000	6.00000000
424	1	0.00000000	5.00000000	6.00000000
425	3	0.00000000	5.00000000	6.00000000
426	2	0.00000000	5.00000000	6.00000000
427	2	0.00000000	5.00000000	6.00000000
428	2	0.00000000	5.00000000	6.00000000
429	3	0.00000000	5.00000000	6.00000000
430	1	0.00000000	5.00000000	6.00000000
431	1	0.00000000	5.00000000	6.00000000
432	1	0.00000000	5.00000000	6.00000000
433	1	0.00000000	5.00000000	6.00000000
434	1	0.00000000	5.00000000	6.00000000
435	1	0.00000000	5.00000000	6.00000000
436	1	0.00000000	5.00000000	6.00000000
437	1	0.00000000	5.00000000	6.00000000
438	1	0.00000000	5.00000000	6.00000000
439	2	0.00000000	5.00000000	6.00000000
440	3	0.00000000	5.00000000	6.00000000
441	3	0.00000000	5.00000000	6.00000000
442	1	0.00000000	5.00000000	6.00000000
443	3	0.00000000	5.00000000	6.00000000
444	1	0.00000000	5.00000000	6.00000000
445	1	0.00000000	5.00000000	6.00000000
446	1	0.00000000	5.00000000	6.00000000
447	1	0.00000000	5.00000000	6.00000000
448	1	0.00000000	5.00000000	6.00000000
449	2	0.00000000	5.00000000	6.00000000
450	1	0.00000000	5.00000000	6.00000000
451	2	0.00000000	5.00000000	6.00000000
452	3	0.00000000	5.00000000	6.00000000
453	1	0.00000000	5.00000000	6.00000000
454	2	0.00000000	5.00000000	6.00000000
455	2	0.00000000	5.00000000	6.00000000
456	2	0.00000000	5.00000000	6.00000000
457	3	0.00000000	5.00000000	6.00000000
458	3	0.00000000	5.00000000	6.00000000
459	2	0.00000000	5.00000000	6.00000000
460	3	0.00000000	5.00000000	6.00000000
461	3	0.00000000	5.00000000	6.00000000
462	2	0.00000000	5.00000000	6.00000000
463	2	0.00000000	5.00000000	6.00000000
464	1	0.00000000	5.00000000	6.00000000
465	1	0.00000000	5.00000000	6.00000000
466	1	0.00000000	5.00000000	6.00000000
467	1	0.00000000	5.00000000	6.00000000
468	1	0.00000000	5.00000000	6.00000000
469	2	0.00000000	5.00000000	6.00000000
470	3	0.00000000	5.00000000	6.00000000
471	1	0.00000000	5.00000000	6.00000000
472	2	0.00000000	5.00000000	6.00000000
473	1	0.00000000	5.00000000	6.00000000
474	1	0.00000000	5.00000000	6.00000000
475	3	0.00000000	5.00000000	6.00000000
476	2	0.00000000	5.00000000	6.00000000
477	1	0.00000000	5.00000000	6.00000000
478	3	0.00000000	5.00000000	6.00000000
479	1	0.00000000	5.00000000	6.00000000
480	1	0.00000000	5.00000000	6.00000000
481	2	0.00000000	5.00000000	6.00000000
482	3	0.00000000	5.00000000	6.00000000
483	1	0.00000000	5.00000000	6.00000000
484	1	0.00000000	5.00000000	6.00000000
485	3	0.00000000	5.00000000	6.00000000
486	1	0.00000000	5.00000000	6.00000000
487	1	0.00000000	5.00000000	6.00000000
488	1	0.00000000	5.00000000	6.00000000
489	3	0.00000000	5.00000000	6.00000000
490	1	0.00000000	5.00000000	6.00000000
491	3	0.00000000	5.00000000	6.00000000
492	2	0.00000000	5.00000000	6.00000000
493	3	0.00000000	5.00000000	6.00000000
494	3	0.00000000	5.00000000	6.00000000
495	3	0.00000000	5.00000000	6.00000000
496	1	0.00000000	5.00000000	6.00000000
497	1	0.00000000	5.00000000	6.00000000
498	2	0.00000000	5.00000000	6.00000000
499	1	0.00000000	5.00000000	6.00000000
500	1	0.00000000	5.00000000	6.00000000
501	1	0.00000000	5.00000000	6.00000000
502	2	0.00000000	5.00000000	6.00000000
503	1	0.00000000	5.00000000	6.00000000
504	1	0.00000000	5.00000000	6.00000000
505	1	0.00000000	5.00000000	6.00000000
506	1	0.00000000	5.00000000	6.00000000
507	1	0.00000000	5.00000000	6.00000000
508	3	0.00000000	5.00000000	6.00000000
509	1	0.00000000	5.00000000	6.00000000
510	1	0.00000000	5.00000000	6.00000000
511	1	0.00000000	5.00000000	6.00000000
512	2	0.00000000	5.00000000	6.00000000
513	1	0.00000000	5.00000000	6.00000000
514	3	0.00000000	5.00000000	6.00000000
515	2	0.00000000	5.00000000	6.00000000
516	1	0.00000000	5.00000000	6.00000000
517	2	0.00000000	5.00000000	6.00000000
518	2	0.00000000	5.00000000	6.00000000
519	1	0.00000000	5.00000000	6.00000000
520	3	0.00000000	5.00000000	6.00000000
521	2	0.00000000	5.00000000	6.00000000
522	1	0.00000000	5.00000000	6.00000000
523	1	0.00000000	5.00000000	6.00000000
524	2	0.00000000	5.00000000	6.00000000
525	2	0.00000000	5.00000000	6.00000000
526	1	0.00000000	5.00000000	6.00000000
527	2	0.00000000	5.00000000	6.00000000
528	1	0.00000000	5.00000000	6.00000000
529	3	0.00000000	5.00000000	6.00000000
530	1	0.00000000	5.00000000	6.00000000
531	1	0.00000000	5.00000000	6.00000000
532	1	0.00000000	5.00000000	6.00000000
533	1	0.00000000	5.00000000	6.00000000
534	3	0.00000000	5.00000000	6.00000000
535	1	0.00000000	5.00000000	6.00000000
536	1	0.00000000	5.00000000	6.00000000
537	1	0.00000000	5.00000000	6.00000000
538	1	0.00000000	5.00000000	6.00000000
539	1	0.00000000	5.00000000	6.00000000
540	1	0.00000000	5.00000000	6.00000000
541	2	0.00000000	5.00000000	6.00000000
542	2	0.00000000	5.00000000	6.00000000
543	1	0.00000000	5.00000000	6.00000000
544	1	0.00000000	5.00000000	6.00000000
545	1	0.00000000	5.00000000	6.00000000
546	1	0.00000000	5.00000000	6.00000000
547	2	0.00000000	5.00000000	6.00000000
548	1	0.00000000	5.00000000	6.00000000
549	1	0.00000000	5.00000000	6.00000000
550	1	0.00000000	5.00000000	6.00000000
551	1	0.00000000	5.00000000	6.00000000
552	1	0.00000000	5.00000000	6.00000000
553	1	0.00000000	5.00000000	6.00000000
554	1	0.00000000	5.00000000	6.00000000
555	1	0.00000000	5.00000000	6.00000000
556	1	0.00000000	5.00000000	6.00000000
557	1	0.00000000	5.00000000	6.00000000
558	1	0.00000000	5.00000000	6.00000000
559	1	0.00000000	5.00000000	6.00000000
560	1	0.00000000	5.00000000	6.00000000
561	2	0.00000000	5.00000000	6.00000000
562	1	0.00000000	5.00000000	6.00000000
563	1	0.00000000	5.00000000	6.00000000
564	1	0.00000000	5.00000000	6.00000000
565	1	0.00000000	5.00000000	6.00000000
566	1	0.00000000	5.00000000	6.00000000
567	1	0.00000000	5.00000000	6.00000000
568	2	0.00000000	5.00000000	6.00000000
569	1	0.00000000	5.00000000	6.00000000
570	2	0.00000000	5.00000000	6.00000000
571	3	0.00000000	5.00000000	6.00000000
572	3	0.00000000	5.00000000	6.00000000
573	1	0.00000000	5.00000000	6.00000000
574	1	0.00000000	5.00000000	6.00000000
575	3	0.00000000	5.00000000	6.00000000
576	1	0.00000000	5.00000000	6.00000000
577	1	0.00000000	5.00000000	6.00000000
578	1	0.00000000	5.00000000	6.00000000
579	1	0.00000000	5.00000000	6.00000000
580	1	0.00000000	5.00000000	6.00000000
581	1	0.00000000	5.00000000	6.00000000
582	2	0.00000000	5.00000000	6.00000000
583	1	0.00000000	5.00000000	6.00000000
584	1	0.00000000	5.00000000	6.00000000
585	3	0.00000000	5.00000000	6.00000000
586	1	0.00000000	5.00000000	6.00000000
587	1	0.00000000	5.00000000	6.00000000
588	2	0.00000000	5.00000000	6.00000000
589	1	0.00000000	5.00000000	6.00000000
590	1	0.00000000	5.00000000	6.00000000
591	1	0.00000000	5.00000000	6.00000000
592	1	0.00000000	5.00000000	6.00000000
593	1	0.00000000	5.00000000	6.00000000
594	1	0.00000000	5.00000000	6.00000000
595	1	0.00000000	5.00000000	6.00000000
596	3	0.00000000	5.00000000	6.00000000
597	1	0.00000000	5.00000000	6.00000000
598	3	0.00000000	5.00000000	6.00000000
599	3	0.00000000	5.00000000	6.00000000
600	1	0.00000000	5.00000000	6.00000000
601	1	0.00000000	5.00000000	6.00000000
602	2	0.00000000	5.00000000	6.00000000
603	1	0.00000000	5.00000000	6.00000000
604	3	0.00000000	5.00000000	6.00000000
605	2	0.00000000	5.00000000	6.00000000
606	3	0.00000000	5.00000000	6.00000000
607	1	0.00000000	5.00000000	6.00000000
608	1	0.00000000	5.00000000	6.00000000
609	1	0.00000000	5.00000000	6.00000000
610	3	0.00000000	5.00000000	6.00000000
611	1	0.00000000	5.00000000	6.00000000
612	1	0.00000000	5.00000000	6.00000000
613	1	0.00000000	5.00000000	6.00000000
614	1	0.00000000	5.00000000	6.00000000
615	2	0.00000000	5.00000000	6.00000000
616	1	0.00000000	5.00000000	6.00000000
617	3	0.00000000	5.00000000	6.00000000
618	1	0.00000000	5.00000000	6.00000000
619	3	0.00000000	5.00000000	6.00000000
620	1	0.00000000	5.00000000	6.00000000
621	2	0.00000000	5.00000000	6.00000000
622	1	0.00000000	5.00000000	6.00000000
623	1	0.00000000	5.00000000	6.00000000
624	1	0.00000000	5.00000000	6.00000000
625	2	0.00000000	5.00000000	6.00000000
626	3	0.00000000	5.00000000	6.00000000
627	2	0.00000000	5.00000000	6.00000000
628	1	0.00000000	5.00000000	6.00000000
629	2	0.00000000	5.00000000	6.00000000
630	2	0.00000000	5.00000000	6.00000000
631	1	0.00000000	5.00000000	6.00000000
632	1	0.00000000	5.00000000	6.00000000
633	3	0.00000000	5.00000000	6.00000000
634	1	0.00000000	5.00000000	6.00000000
635	1	0.00000000	5.00000000	6.00000000
636	1	0.00000000	5.00000000	6.00000000
637	3	0.00000000	5.00000000	6.00000000
638	1	0.00000000	5.00000000	6.00000000
639	1	0.00000000	5.00000000	6.00000000
640	1	0.00000000	5.00000000	6.00000000
641	3	0.00000000	5.00000000	6.00000000
642	2	0.00000000	5.00000000	6.00000000
643	1	0.00000000	5.00000000	6.00000000
644	2	0.00000000	5.00000000	6.00000000
645	1	0.00000000	5.00000000	6.00000000
646	1	0.00000000	5.00000000	6.00000000
647	1	0.00000000	5.00000000	6.00000000
648	1	0.00000000	5.00000000	6.00000000
649	1	0.00000000	5.00000000	6.00000000
650	2	0.00000000	5.00000000	6.00000000
651	1	0.00000000	5.00000000	6.00000000
652	1	0.00000000	5.00000000	6.00000000
653	2	0.00000000	5.00000000	6.00000000
654	1	0.00000000	5.00000000	6.00000000
655	2	0.00000000	5.00000000	6.00000000
656	3	0.00000000	5.00000000	6.00000000
657	2	0.00000000	5.00000000	6.00000000
658	2	0.00000000	5.00000000	6.00000000
659	1	0.00000000	5.00000000	6.00000000
660	1	0.00000000	5.00000000	6.00000000
661	2	0.00000000	5.00000000	6.00000000
662	1	0.00000000	5.00000000	6.00000000
663	2	0.00000000	5.00000000	6.00000000
664	1	0.00000000	5.00000000	6.00000000
665	3	0.00000000	5.00000000	6.00000000
666	3	0.00000000	5.00000000	6.00000000
667	3	0.00000000	5.00000000	6.00000000
668	1	0.00000000	5.00000000	6.00000000
669	1	0.00000000	5.00000000	6.00000000
670	1	0.00000000	5.00000000	6.00000000
671	1	0.00000000	5.00000000	6.00000000
672	1	0.00000000	5.00000000	6.00000000
673	1	0.00000000	5.00000000	6.00000000
674	2	0.00000000	5.00000000	6.00000000
675	1	0.00000000	5.00000000	6.00000000
676	1	0.00000000	5.00000000	6.00000000
677	1	0.00000000	5.00000000	6.00000000
678	2	0.00000000	5.00000000	6.00000000
679	1	0.00000000	5.00000000	6.00000000
680	1	0.00000000	5.00000000	6.00000000
681	3	0.00000000	5.00000000	6.00000000
682	1	0.00000000	5.00000000	6.00000000
683	3	0.00000000	5.00000000	6.00000000
684	1	0.00000000	5.00000000	6.00000000
685	3	0.00000000	5.00000000	6.00000000
686	2	0.00000000	5.00000000	6.00000000
687	3	0.00000000	5.00000000	6.00000000
688	1	0.00000000	5.00000000	6.00000000
689	1	0.00000000	5.00000000	6.00000000
690	1	0.00000000	5.00000000	6.00000000
691	1	0.00000000	5.00000000	6.00000000
692	1	0.00000000	5.00000000	6.00000000
693	1	0.00000000	5.00000000	6.00000000
694	1	0.00000000	5.00000000	6.00000000
695	1	0.00000000	5.00000000	6.00000000
696	1	0.00000000	5.00000000	6.00000000
697	1	0.00000000	5.00000000	6.00000000
698	1	0.00000000	5.00000000	6.00000000
699	1	0.00000000	5.00000000	6.00000000
700	1	0.00000000	5.00000000	6.00000000
701	1	0.00000000	5.00000000	6.00000000
702	1	0.00000000	5.00000000	6.00000000
703	2	0.00000000	5.00000000	6.00000000
704	1	0.00000000	5.00000000	6.00000000
705	1	0.00000000	5.00000000	6.00000000
706	1	0.00000000	5.00000000	6.00000000
707	1	0.00000000	5.00000000	6.00000000
708	1	0.00000000	5.00000000	6.00000000
709	3	0.00000000	5.00000000	6.00000000
710	1	0.00000000	5.00000000	6.00000000
711	2	0.00000000	5.00000000	6.00000000
712	1	0.00000000	5.00000000	6.00000000
713	3	0.00000000	5.00000000	6.00000000
714	3	0.00000000	5.00000000	6.00000000
715	1	0.00000000	5.00000000	6.00000000
716	2	0.00000000	5.00000000	6.00000000
717	2	0.00000000	5.00000000	6.00000000
718	1	0.00000000	5.00000000	6.00000000
719	2	0.00000000	5.00000000	6.00000000
720	1	0.00000000	5.00000000	6.00000000
721	3	0.00000000	5.00000000	6.00000000
722	1	0.00000000	5.00000000	6.00000000
723	1	0.00000000	5.00000000	6.00000000
724	1	0.00000000	5.00000000	6.00000000
725	1	0.00000000	5.00000000	6.00000000
726	3	0.00000000	5.00000000	6.00000000
727	1	0.00000000	5.00000000	6.00000000
728	3	0.00000000	5.00000000	6.00000000
729	1	0.00000000	5.00000000	6.00000000
730	1	0.00000000	5.00000000	6.00000000
731	1	0.00000000	5.00000000	6.00000000
732	3	0.00000000	5.00000000	6.00000000
733	3	0.00000000	5.00000000	6.00000000
734	2	0.00000000	5.00000000	6.00000000
735	1	0.00000000	5.00000000	6.00000000
736	3	0.00000000	5.00000000	6.00000000
737	2	0.00000000	5.00000000	6.00000000
738	1	0.00000000	5.00000000	6.00000000
739	1	0.00000000	5.00000000	6.00000000
740	1	0.00000000	5.00000000	6.00000000
741	1	0.00000000	5.00000000	6.00000000
742	1	0.00000000	5.00000000	6.00000000
743	2	0.00000000	5.00000000	6.00000000
744	3	0.00000000	5.00000000	6.00000000
745	1	0.00000000	5.00000000	6.00000000
746	1	0.00000000	5.00000000	6.00000000
747	1	0.00000000	5.00000000	6.00000000
748	2	0.00000000	5.00000000	6.00000000
749	1	0.00000000	5.00000000	6.00000000
750	3	0.00000000	5.00000000	6.00000000
751	2	0.00000000	5.00000000	6.00000000
752	1	0.00000000	5.00000000	6.00000000
753	1	0.00000000	5.00000000	6.00000000
754	2	0.00000000	5.00000000	6.00000000
755	2	0.00000000	5.00000000	6.00000000
756	1	0.00000000	5.00000000	6.00000000
757	1	0.00000000	5.00000000	6.00000000
758	1	0.00000000	5.00000000	6.00000000
759	2	0.00000000	5.00000000	6.00000000
760	2	0.00000000	5.00000000	6.00000000
761	1	0.00000000	5.00000000	6.00000000
762	2	0.00000000	5.00000000	6.00000000
763	1	0.00000000	5.00000000	6.00000000
764	1	0.00000000	5.00000000	6.00000000
765	3	0.00000000	5.00000000	6.00000000
766	1	0.00000000	5.00000000	6.00000000
767	1	0.00000000	5.00000000	6.00000000
768	1	0.00000000	5.00000000	6.00000000
769	3	0.00000000	5.00000000	6.00000000
770	3	0.00000000	5.00000000	6.00000000
771	1	0.00000000	5.00000000	6.00000000
772	1	0.00000000	5.00000000	6.00000000
773	1	0.00000000	5.00000000	6.00000000
774	1	0.00000000	5.00000000	6.00000000
775	3	0.00000000	5.00000000	6.00000000
776	3	0.00000000	5.00000000	6.00000000
777	2	0.00000000	5.00000000	6.00000000
778	1	0.00000000	5.00000000	6.00000000
779	1	0.00000000	5.00000000	6.00000000
780	1	0.00000000	5.00000000	6.00000000
781	2	0.00000000	5.00000000	6.00000000
782	2	0.00000000	5.00000000	6.00000000
783	2	0.00000000	5.00000000	6.00000000
784	1	0.00000000	5.00000000	6.00000000
785	1	0.00000000	5.00000000	6.00000000
786	1	0.00000000	5.00000000	6.00000000
787	2	0.00000000	5.00000000	6.00000000
788	1	0.00000000	5.00000000	6.00000000
789	1	0.00000000	5.00000000	6.00000000
790	1	0.00000000	5.00000000	6.00000000
791	1	0.00000000	5.00000000	6.00000000
792	3	0.00000000	5.00000000	6.00000000
793	1	0.00000000	5.00000000	6.00000000
794	1	0.00000000	5.00000000	6.00000000
795	1	0.00000000	5.00000000	6.00000000
796	1	0.00000000	5.00000000	6.00000000
797	1	0.00000000	5.00000000	6.00000000
798	1	0.00000000	5.00000000	6.00000000
799	1	0.00000000	5.00000000	6.00000000
800	2	0.00000000	5.00000000	6.00000000
801	2	0.00000000	5.00000000	6.00000000
802	2	0.00000000	5.00000000	6.00000000
803	3	0.00000000	5.00000000	6.00000000
804	2	0.00000000	5.00000000	6.00000000
805	1	0.00000000	5.00000000	6.00000000
806	1	0.00000000	5.00000000	6.00000000
807	3	0.00000000	5.00000000	6.00000000
808	2	0.00000000	5.00000000	6.00000000
809	2	0.00000000	5.00000000	6.00000000
810	1	0.00000000	5.00000000	6.00000000
811	1	0.00000000	5.00000000	6.00000000
812	2	0.00000000	5.00000000	6.00000000
813	1	0.00000000	5.00000000	6.00000000
814	1	0.00000000	5.00000000	6.00000000
815	1	0.00000000	5.00000000	6.00000000
816	1	0.00000000	5.00000000	6.00000000
817	1	0.00000000	5.00000000	6.00000000
818	3	0.00000000	5.00000000	6.00000000
819	3	0.00000000	5.00000000	6.00000000
820	1	0.00000000	5.00000000	6.00000000
821	3	0.00000000	5.00000000	6.00000000
822	1	0.00000000	5.00000000	6.00000000
823	1	0.00000000	5.00000000	6.00000000
824	1	0.00000000	5.00000000	6.00000000
825	1	0.00000000	5.00000000	6.00000000
826	2	0.00000000	5.00000000	6.00000000
827	1	0.00000000	5.00000000	6.00000000
828	2	0.00000000	5.00000000	6.00000000
829	3	0.00000000	5.00000000	6.00000000
830	1	0.00000000	5.00000000	6.00000000
831	2	0.00000000	5.00000000	6.00000000
832	1	0.00000000	5.00000000	6.00000000
833	2	0.00000000	5.00000000	6.00000000
834	2	0.00000000	5.00000000	6.00000000
835	1	0.00000000	5.00000000	6.00000000
836	1	0.00000000	5.00000000	6.00000000
837	2	0.00000000	5.00000000	6.00000000
838	3	0.00000000	5.00000000	6.00000000
839	3	0.00000000	5.00000000	6.00000000
840	1	0.00000000	5.00000000	6.00000000
841	1	0.00000000	5.00000000	6.00000000
842	2	0.00000000	5.00000000	6.00000000
843	1	0.00000000	5.00000000	6.00000000
844	3	0.00000000	5.00000000	6.00000000
845	1	0.00000000	5.00000000	6.00000000
846	1	0.00000000	5.00000000	6.00000000
847	1	0.00000000	5.00000000	6.00000000
848	2	0.00000000	5.00000000	6.00000000
849	1	0.00000000	5.00000000	6.00000000
850	3	0.00000000	5.00000000	6.00000000
851	1	0.00000000	5.00000000	6.00000000
852	2	0.00000000	5.00000000	6.00000000
853	1	0.00000000	5.00000000	6.00000000
854	1	0.00000000	5.00000000	6.00000000
855	1	0.00000000	5.00000000	6.00000000
856	3	0.00000000	5.00000000	6.00000000
857	1	0.00000000	5.00000000	6.00000000
858	1	0.00000000	5.00000000	6.00000000
859	1	0.00000000	5.00000000	6.00000000
860	1	0.00000000	5.00000000	6.00000000
861	2	0.00000000	5.00000000	6.00000000
862	1	0.00000000	5.00000000	6.00000000
863	1	0.00000000	5.00000000	6.00000000
864	1	0.00000000	5.00000000	6.00000000
865	3	0.00000000	5.00000000	6.00000000
866	1	0.00000000	5.00000000	6.00000000
867	3	0.00000000	5.00000000	6.00000000
868	1	0.00000000	5.00000000	6.00000000
869	1	0.00000000	5.00000000	6.00000000
870	1	0.00000000	5.00000000	6.00000000
871	2	0.00000000	5.00000000	6.00000000
872	1	0.00000000	5.00000000	6.00000000
873	1	0.00000000	5.00000000	6.00000000
874	1	0.00000000	5.00000000	6.00000000
875	2	0.00000000	5.00000000	6.00000000
876	3	0.00000000	5.00000000	6.00000000
877	1	0.00000000	5.00000000	6.00000000
878	1	0.00000000	5.00000000	6.00000000
879	1	0.00000000	5.00000000	6.00000000
880	3	0.00000000	5.00000000	6.00000000
881	2	0.00000000	5.00000000	6.00000000
882	2	0.00000000	5.00000000	6.00000000
883	1	0.00000000	5.00000000	6.00000000
884	3	0.00000000	5.00000000	6.00000000
885	2	0.00000000	5.00000000	6.00000000
886	1	0.00000000	5.00000000	6.00000000
887	1	0.00000000	5.00000000	6.00000000
888	2	0.00000000	5.00000000	6.00000000
889	1	0.00000000	5.00000000	6.00000000
890	2	0.00000000	5.00000000	6.00000000
891	2	0.00000000	5.00000000	6.00000000
892	2	0.00000000	5.00000000	6.00000000
893	1	0.00000000	5.00000000	6.00000000
894	1	0.00000000	5.00000000	6.00000000
895	1	0.00000000	5.00000000	6.00000000
896	1	0.00000000	5.00000000	6.00000000
897	3	0.00000000	5.00000000	6.00000000
898	1	0.00000000	5.00000000	6.00000000
899	1	0.00000000	5.00000000	6.00000000
900	1	0.00000000	5.00000000	6.00000000
901	1	0.00000000	5.00000000	6.00000000
902	1	0.00000000	5.00000000	6.00000000
903	3	0.00000000	5.00000000	6.00000000
904	1	0.00000000	5.00000000	6.00000000
905	1	0.00000000	5.00000000	6.00000000
906	1	0.00000000	5.00000000	6.00000000
907	2	0.00000000	5.00000000	6.00000000
908	1	0.00000000	5.00000000	6.00000000
909	1	0.00000000	5.00000000	6.00000000
910	1	0.00000000	5.00000000	6.00000000
911	1	0.00000000	5.00000000	6.00000000
912	1	0.00000000	5.00000000	6.00000000
913	1	0.00000000	5.00000000	6.00000000
914	3	0.00000000	5.00000000	6.00000000
915	2	0.00000000	5.00000000	6.00000000
916	1	0.00000000	5.00000000	6.00000000
917	3	0.00000000	5.00000000	6.00000000
918	1	0.00000000	5.00000000	6.00000000
919	2	0.00000000	5.00000000	6.00000000
920	1	0.00000000	5.00000000	6.00000000
921	1	0.00000000	5.00000000	6.00000000
922	1	0.00000000	5.00000000	6.00000000
923	3	0.00000000	5.00000000	6.00000000
924	3	0.00000000	5.00000000	6.00000000
925	2	0.00000000	5.00000000	6.00000000
926	1	0.00000000	5.00000000	6.00000000
927	1	0.00000000	5.00000000	6.00000000
928	2	0.00000000	5.00000000	6.00000000
929	3	0.00000000	5.00000000	6.00000000
930	1	0.00000000	5.00000000	6.00000000
931	1	0.00000000	5.00000000	6.00000000
932	1	0.00000000	5.00000000	6.00000000
933	2	0.00000000	5.00000000	6.00000000
934	1	0.00000000	5.00000000	6.00000000
935	3	0.00000000	5.00000000	6.00000000
936	2	0.00000000	5.00000000	6.00000000
937	2	0.00000000	5.00000000	6.00000000
938	1	0.00000000	5.00000000	6.00000000
939	3	0.00000000	5.00000000	6.00000000
940	2	0.00000000	5.00000000	6.00000000
941	1	0.00000000	5.00000000	6.00000000
942	2	0.00000000	5.00000000	6.00000000
943	1	0.00000000	5.00000000	6.00000000
944	1	0.00000000	5.00000000	6.00000000
945	1	0.00000000	5.00000000	6.00000000
946	3	0.00000000	5.00000000	6.00000000
947	1	0.00000000	5.00000000	6.00000000
948	1	0.00000000	5.00000000	6.00000000
949	1	0.00000000	5.00000000	6.00000000
950	1	0.00000000	5.00000000	6.00000000
951	1	0.00000000	5.00000000	6.00000000
952	1	0.00000000	5.00000000	6.00000000
953	1	0.00000000	5.00000000	6.00000000
954	2	0.00000000	5.00000000	6.00000000
955	1	0.00000000	5.00000000	6.00000000
956	1	0.00000000	5.00000000	6.00000000
957	1	0.00000000	5.00000000	6.00000000
958	3	0.00000000	5.00000000	6.00000000
959	2	0.00000000	5.00000000	6.00000000
960	1	0.00000000	5.00000000	6.00000000
961	1	0.00000000	5.00000000	6.00000000
962	1	0.00000000	5.00000000	6.00000000
963	2	0.00000000	5.00000000	6.00000000
964	1	0.00000000	5.00000000	6.00000000
965	1	0.00000000	5.00000000	6.00000000
966	3	0.00000000	5.00000000	6.00000000
967	2	0.00000000	5.00000000	6.00000000
968	1	0.00000000	5.00000000	6.00000000
969	1	0.00000000	5.00000000	6.00000000
970	1	0.00000000	5.00000000	6.00000000
971	2	0.00000000	5.00000000	6.00000000
972	2	0.00000000	5.00000000	6.00000000
973	1	0.00000000	5.00000000	6.00000000
974	1	0.00000000	5.00000000	6.00000000
975	1	0.00000000	5.00000000	6.00000000
976	2	0.00000000	5.00000000	6.00000000
977	3	0.00000000	5.00000000	6.00000000
978	1	0.00000000	5.00000000	6.00000000
979	1	0.00000000	5.00000000	6.00000000
980	1	0.00000000	5.00000000	6.00000000
981	1	0.00000000	5.00000000	6.00000000
982	1	0.00000000	5.00000000	6.00000000
983	3	0.00000000	5.00000000	6.00000000
984	1	0.00000000	5.00000000	6.00000000
985	2	0.00000000	5.00000000	6.00000000
986	2	0.00000000	5.00000000	6.00000000
987	3	0.00000000	5.00000000	6.00000000
988	2	0.00000000	5.00000000	6.00000000
989	1	0.00000000	5.00000000	6.00000000
990	2	0.00000000	5.00000000	6.00000000
991	1	0.00000000	5.00000000	6.00000000
992	1	0.00000000	5.00000000	6.00000000
993	1	0.00000000	5.00000000	6.00000000
994	2	0.00000000	5.00000000	6.00000000
995	1	0.00000000	5.00000000	6.00000000
996	1	0.00000000	5.00000000	6.00000000
997	2	0.00000000	5.00000000	6.00000000
998	1	0.00000000	5.00000000	6.00000000
999	1	0.00000000	5.00000000	6.00000000
1000	2	0.00000000	5.00000000	6.00000000
